489.0,0.0,0.0,0.0,0.0,0.0,0.0,0.0,0
489.0,521.0,0.0,0.0,0.0,0.0,0.0,0.0,0
489.0,521.0,591.0,0.0,0.0,0.0,0.0,0.0,0
489.0,521.0,591.0,540.0,0.0,0.0,0.0,0.0,0
489.0,521.0,591.0,540.0,535.0,0.0,0.0,0.0,0
489.0,521.0,591.0,540.0,535.0,530.0,0.0,0.0,0
489.0,521.0,591.0,540.0,535.0,530.0,515.0,0.0,0
489.0,521.0,591.0,540.0,535.0,530.0,515.0,483.0,0
-
489.0,521.0,591.0,540.0,535.0,530.0,515.0,483.0,0
489.0,521.0,591.0,540.0,535.0,530.0,515.0,483.0,0
489.0,521.0,590.0,540.0,535.0,530.0,515.0,483.0,0
489.0,521.0,590.0,540.0,535.0,530.0,515.0,483.0,0
489.0,521.0,590.0,540.0,535.0,530.0,515.0,483.0,0
489.0,521.0,590.0,540.0,535.0,530.0,515.0,483.0,0
489.0,521.0,590.0,540.0,535.0,530.0,513.0,483.0,0
489.0,521.0,590.0,540.0,535.0,530.0,513.0,482.0,0
-
487.0,521.0,590.0,540.0,535.0,530.0,513.0,482.0,0
487.0,521.0,590.0,540.0,535.0,530.0,513.0,482.0,0
487.0,521.0,592.0,540.0,535.0,530.0,513.0,482.0,0
487.0,521.0,592.0,541.0,535.0,530.0,513.0,482.0,0
487.0,521.0,592.0,541.0,536.0,530.0,513.0,482.0,0
487.0,521.0,592.0,541.0,536.0,530.0,513.0,482.0,0
487.0,521.0,592.0,541.0,536.0,530.0,515.0,482.0,0
487.0,521.0,592.0,541.0,536.0,530.0,515.0,483.0,0
-
489.0,521.0,592.0,541.0,536.0,530.0,515.0,483.0,0
489.0,519.0,592.0,541.0,536.0,530.0,515.0,483.0,0
489.0,519.0,591.0,541.0,536.0,530.0,515.0,483.0,0
489.0,519.0,591.0,540.0,536.0,530.0,515.0,483.0,0
489.0,519.0,591.0,540.0,536.0,530.0,515.0,483.0,0
489.0,519.0,591.0,540.0,536.0,532.0,515.0,483.0,0
489.0,519.0,591.0,540.0,536.0,532.0,515.0,483.0,0
489.0,519.0,591.0,540.0,536.0,532.0,515.0,484.0,0
-
489.0,519.0,591.0,540.0,536.0,532.0,515.0,484.0,0
489.0,521.0,591.0,540.0,536.0,532.0,515.0,484.0,0
489.0,521.0,592.0,540.0,536.0,532.0,515.0,484.0,0
489.0,521.0,592.0,541.0,536.0,532.0,515.0,484.0,0
489.0,521.0,592.0,541.0,534.0,532.0,515.0,484.0,0
489.0,521.0,592.0,541.0,534.0,530.0,515.0,484.0,0
489.0,521.0,592.0,541.0,534.0,530.0,516.0,484.0,0
489.0,521.0,592.0,541.0,534.0,530.0,516.0,484.0,0
-
489.0,521.0,592.0,541.0,534.0,530.0,516.0,484.0,0
489.0,520.0,592.0,541.0,534.0,530.0,516.0,484.0,0
489.0,520.0,591.0,541.0,534.0,530.0,516.0,484.0,0
489.0,520.0,591.0,541.0,534.0,530.0,516.0,484.0,0
489.0,520.0,591.0,541.0,534.0,530.0,516.0,484.0,0
489.0,520.0,591.0,541.0,534.0,530.0,516.0,484.0,0
489.0,520.0,591.0,541.0,534.0,530.0,514.0,484.0,0
489.0,520.0,591.0,541.0,534.0,530.0,514.0,482.0,0
-
488.0,520.0,591.0,541.0,534.0,530.0,514.0,482.0,0
488.0,520.0,591.0,541.0,534.0,530.0,514.0,482.0,0
488.0,520.0,591.0,541.0,534.0,530.0,514.0,482.0,0
488.0,520.0,591.0,540.0,534.0,530.0,514.0,482.0,0
488.0,520.0,591.0,540.0,536.0,530.0,514.0,482.0,0
488.0,520.0,591.0,540.0,536.0,530.0,514.0,482.0,0
488.0,520.0,591.0,540.0,536.0,530.0,515.0,482.0,0
488.0,520.0,591.0,540.0,536.0,530.0,515.0,484.0,0
-
489.0,520.0,591.0,540.0,536.0,530.0,515.0,484.0,0
489.0,519.0,591.0,540.0,536.0,530.0,515.0,484.0,0
489.0,519.0,591.0,540.0,536.0,530.0,515.0,484.0,0
489.0,519.0,591.0,540.0,536.0,530.0,515.0,484.0,0
489.0,519.0,591.0,540.0,536.0,530.0,515.0,484.0,0
489.0,519.0,591.0,540.0,536.0,531.0,515.0,484.0,0
489.0,519.0,591.0,540.0,536.0,531.0,513.0,484.0,0
489.0,519.0,591.0,540.0,536.0,531.0,513.0,482.0,0
-
490.0,519.0,591.0,540.0,536.0,531.0,513.0,482.0,0
490.0,521.0,591.0,540.0,536.0,531.0,513.0,482.0,0
490.0,521.0,592.0,540.0,536.0,531.0,513.0,482.0,0
490.0,521.0,592.0,541.0,536.0,531.0,513.0,482.0,0
490.0,521.0,592.0,541.0,534.0,531.0,513.0,482.0,0
490.0,521.0,592.0,541.0,534.0,530.0,513.0,482.0,0
490.0,521.0,592.0,541.0,534.0,530.0,515.0,482.0,0
490.0,521.0,592.0,541.0,534.0,530.0,515.0,484.0,0
-
489.0,521.0,592.0,541.0,534.0,530.0,515.0,484.0,0
489.0,521.0,592.0,541.0,534.0,530.0,515.0,484.0,0
489.0,521.0,592.0,541.0,534.0,530.0,515.0,484.0,0
489.0,521.0,592.0,540.0,534.0,530.0,515.0,484.0,0
489.0,521.0,592.0,540.0,535.0,530.0,515.0,484.0,0
489.0,521.0,592.0,540.0,535.0,529.0,515.0,484.0,0
489.0,521.0,592.0,540.0,535.0,529.0,513.0,484.0,0
489.0,521.0,592.0,540.0,535.0,529.0,513.0,482.0,0
-
488.0,521.0,592.0,540.0,535.0,529.0,513.0,482.0,0
488.0,520.0,592.0,540.0,535.0,529.0,513.0,482.0,0
488.0,520.0,593.0,540.0,535.0,529.0,513.0,482.0,0
488.0,520.0,593.0,541.0,535.0,529.0,513.0,482.0,0
488.0,520.0,593.0,541.0,536.0,529.0,513.0,482.0,0
488.0,520.0,593.0,541.0,536.0,531.0,513.0,482.0,0
488.0,520.0,593.0,541.0,536.0,531.0,515.0,482.0,0
488.0,520.0,593.0,541.0,536.0,531.0,515.0,482.0,0
-
488.0,520.0,593.0,541.0,536.0,531.0,515.0,482.0,0
488.0,521.0,593.0,541.0,536.0,531.0,515.0,482.0,0
488.0,521.0,589.0,541.0,536.0,531.0,515.0,482.0,0
488.0,521.0,589.0,540.0,536.0,531.0,515.0,482.0,0
488.0,521.0,589.0,540.0,535.0,531.0,515.0,482.0,0
488.0,521.0,589.0,540.0,535.0,529.0,515.0,482.0,0
488.0,521.0,589.0,540.0,535.0,529.0,514.0,482.0,0
488.0,521.0,589.0,540.0,535.0,529.0,514.0,483.0,0
-
490.0,521.0,589.0,540.0,535.0,529.0,514.0,483.0,0
490.0,520.0,589.0,540.0,535.0,529.0,514.0,483.0,0
490.0,520.0,591.0,540.0,535.0,529.0,514.0,483.0,0
490.0,520.0,591.0,541.0,535.0,529.0,514.0,483.0,0
490.0,520.0,591.0,541.0,535.0,529.0,514.0,483.0,0
490.0,520.0,591.0,541.0,535.0,530.0,514.0,483.0,0
490.0,520.0,591.0,541.0,535.0,530.0,513.0,483.0,0
490.0,520.0,591.0,541.0,535.0,530.0,513.0,484.0,0
-
490.0,520.0,591.0,541.0,535.0,530.0,513.0,484.0,0
490.0,518.0,591.0,541.0,535.0,530.0,513.0,484.0,0
490.0,518.0,592.0,541.0,535.0,530.0,513.0,484.0,0
490.0,518.0,592.0,540.0,535.0,530.0,513.0,484.0,0
490.0,518.0,592.0,540.0,536.0,530.0,513.0,484.0,0
490.0,518.0,592.0,540.0,536.0,531.0,513.0,484.0,0
490.0,518.0,592.0,540.0,536.0,531.0,514.0,484.0,0
490.0,518.0,592.0,540.0,536.0,531.0,514.0,482.0,0
-
487.0,518.0,592.0,540.0,536.0,531.0,514.0,482.0,0
487.0,519.0,592.0,540.0,536.0,531.0,514.0,482.0,0
487.0,519.0,592.0,540.0,536.0,531.0,514.0,482.0,0
487.0,519.0,592.0,540.0,536.0,531.0,514.0,482.0,0
487.0,519.0,592.0,540.0,535.0,531.0,514.0,482.0,0
487.0,519.0,592.0,540.0,535.0,531.0,514.0,482.0,0
487.0,519.0,592.0,540.0,535.0,531.0,514.0,482.0,0
487.0,519.0,592.0,540.0,535.0,531.0,514.0,481.0,0
-
487.0,519.0,592.0,540.0,535.0,531.0,514.0,481.0,0
487.0,520.0,592.0,540.0,535.0,531.0,514.0,481.0,0
487.0,520.0,590.0,540.0,535.0,531.0,514.0,481.0,0
487.0,520.0,590.0,538.0,535.0,531.0,514.0,481.0,0
487.0,520.0,590.0,538.0,534.0,531.0,514.0,481.0,0
487.0,520.0,590.0,538.0,534.0,531.0,514.0,481.0,0
487.0,520.0,590.0,538.0,534.0,531.0,514.0,481.0,0
487.0,520.0,590.0,538.0,534.0,531.0,514.0,484.0,0
-
488.0,520.0,590.0,538.0,534.0,531.0,514.0,484.0,0
488.0,519.0,590.0,538.0,534.0,531.0,514.0,484.0,0
488.0,519.0,590.0,538.0,534.0,531.0,514.0,484.0,0
488.0,519.0,590.0,541.0,534.0,531.0,514.0,484.0,0
488.0,519.0,590.0,541.0,534.0,531.0,514.0,484.0,0
488.0,519.0,590.0,541.0,534.0,530.0,514.0,484.0,0
488.0,519.0,590.0,541.0,534.0,530.0,514.0,484.0,0
488.0,519.0,590.0,541.0,534.0,530.0,514.0,483.0,0
-
490.0,519.0,590.0,541.0,534.0,530.0,514.0,483.0,0
490.0,521.0,590.0,541.0,534.0,530.0,514.0,483.0,0
490.0,521.0,592.0,541.0,534.0,530.0,514.0,483.0,0
490.0,521.0,592.0,541.0,534.0,530.0,514.0,483.0,0
490.0,521.0,592.0,541.0,536.0,530.0,514.0,483.0,0
490.0,521.0,592.0,541.0,536.0,530.0,514.0,483.0,0
490.0,521.0,592.0,541.0,536.0,530.0,514.0,483.0,0
490.0,521.0,592.0,541.0,536.0,530.0,514.0,482.0,0
-
489.0,521.0,592.0,541.0,536.0,530.0,514.0,482.0,0
489.0,519.0,592.0,541.0,536.0,530.0,514.0,482.0,0
489.0,519.0,590.0,541.0,536.0,530.0,514.0,482.0,0
489.0,519.0,590.0,541.0,536.0,530.0,514.0,482.0,0
489.0,519.0,590.0,541.0,534.0,530.0,514.0,482.0,0
489.0,519.0,590.0,541.0,534.0,528.0,514.0,482.0,0
489.0,519.0,590.0,541.0,534.0,528.0,515.0,482.0,0
489.0,519.0,590.0,541.0,534.0,528.0,515.0,483.0,0
-
489.0,519.0,590.0,541.0,534.0,528.0,515.0,483.0,0
489.0,520.0,590.0,541.0,534.0,528.0,515.0,483.0,0
489.0,520.0,592.0,541.0,534.0,528.0,515.0,483.0,0
489.0,520.0,592.0,539.0,534.0,528.0,515.0,483.0,0
489.0,520.0,592.0,539.0,534.0,528.0,515.0,483.0,0
489.0,520.0,592.0,539.0,534.0,531.0,515.0,483.0,0
489.0,520.0,592.0,539.0,534.0,531.0,516.0,483.0,0
489.0,520.0,592.0,539.0,534.0,531.0,516.0,484.0,0
-
487.0,520.0,592.0,539.0,534.0,531.0,516.0,484.0,0
487.0,520.0,592.0,539.0,534.0,531.0,516.0,484.0,0
487.0,520.0,592.0,539.0,534.0,531.0,516.0,484.0,0
487.0,520.0,592.0,541.0,534.0,531.0,516.0,484.0,0
487.0,520.0,592.0,541.0,534.0,531.0,516.0,484.0,0
487.0,520.0,592.0,541.0,534.0,530.0,516.0,484.0,0
487.0,520.0,592.0,541.0,534.0,530.0,514.0,484.0,0
487.0,520.0,592.0,541.0,534.0,530.0,514.0,483.0,0
-
487.0,520.0,592.0,541.0,534.0,530.0,514.0,483.0,0
487.0,520.0,592.0,541.0,534.0,530.0,514.0,483.0,0
487.0,520.0,592.0,541.0,534.0,530.0,514.0,483.0,0
487.0,520.0,592.0,540.0,534.0,530.0,514.0,483.0,0
487.0,520.0,592.0,540.0,535.0,530.0,514.0,483.0,0
487.0,520.0,592.0,540.0,535.0,531.0,514.0,483.0,0
487.0,520.0,592.0,540.0,535.0,531.0,515.0,483.0,0
487.0,520.0,592.0,540.0,535.0,531.0,515.0,482.0,0
-
489.0,520.0,592.0,540.0,535.0,531.0,515.0,482.0,0
489.0,518.0,592.0,540.0,535.0,531.0,515.0,482.0,0
489.0,518.0,591.0,540.0,535.0,531.0,515.0,482.0,0
489.0,518.0,591.0,541.0,535.0,531.0,515.0,482.0,0
489.0,518.0,591.0,541.0,536.0,531.0,515.0,482.0,0
489.0,518.0,591.0,541.0,536.0,531.0,515.0,482.0,0
489.0,518.0,591.0,541.0,536.0,531.0,512.0,482.0,0
489.0,518.0,591.0,541.0,536.0,531.0,512.0,483.0,0
-
489.0,518.0,591.0,541.0,536.0,531.0,512.0,483.0,0
489.0,519.0,591.0,541.0,536.0,531.0,512.0,483.0,0
489.0,519.0,591.0,541.0,536.0,531.0,512.0,483.0,0
489.0,519.0,591.0,539.0,536.0,531.0,512.0,483.0,0
489.0,519.0,591.0,539.0,535.0,531.0,512.0,483.0,0
489.0,519.0,591.0,539.0,535.0,531.0,512.0,483.0,0
489.0,519.0,591.0,539.0,535.0,531.0,515.0,483.0,0
489.0,519.0,591.0,539.0,535.0,531.0,515.0,483.0,0
-
489.0,519.0,591.0,539.0,535.0,531.0,515.0,483.0,0
489.0,521.0,591.0,539.0,535.0,531.0,515.0,483.0,0
489.0,521.0,591.0,539.0,535.0,531.0,515.0,483.0,0
489.0,521.0,591.0,541.0,535.0,531.0,515.0,483.0,0
489.0,521.0,591.0,541.0,536.0,531.0,515.0,483.0,0
489.0,521.0,591.0,541.0,536.0,530.0,515.0,483.0,0
489.0,521.0,591.0,541.0,536.0,530.0,514.0,483.0,0
489.0,521.0,591.0,541.0,536.0,530.0,514.0,481.0,0
-
488.0,521.0,591.0,541.0,536.0,530.0,514.0,481.0,0
488.0,521.0,591.0,541.0,536.0,530.0,514.0,481.0,0
488.0,521.0,591.0,541.0,536.0,530.0,514.0,481.0,0
488.0,521.0,591.0,540.0,536.0,530.0,514.0,481.0,0
488.0,521.0,591.0,540.0,535.0,530.0,514.0,481.0,0
488.0,521.0,591.0,540.0,535.0,531.0,514.0,481.0,0
488.0,521.0,591.0,540.0,535.0,531.0,514.0,481.0,0
488.0,521.0,591.0,540.0,535.0,531.0,514.0,483.0,0
-
489.0,521.0,591.0,540.0,535.0,531.0,514.0,483.0,0
489.0,519.0,591.0,540.0,535.0,531.0,514.0,483.0,0
489.0,519.0,590.0,540.0,535.0,531.0,514.0,483.0,0
489.0,519.0,590.0,541.0,535.0,531.0,514.0,483.0,0
489.0,519.0,590.0,541.0,535.0,531.0,514.0,483.0,0
489.0,519.0,590.0,541.0,535.0,531.0,514.0,483.0,0
489.0,519.0,590.0,541.0,535.0,531.0,515.0,483.0,0
489.0,519.0,590.0,541.0,535.0,531.0,515.0,483.0,0
-
488.0,519.0,590.0,541.0,535.0,531.0,515.0,483.0,0
488.0,520.0,590.0,541.0,535.0,531.0,515.0,483.0,0
488.0,520.0,591.0,541.0,535.0,531.0,515.0,483.0,0
488.0,520.0,591.0,540.0,535.0,531.0,515.0,483.0,0
488.0,520.0,591.0,540.0,534.0,531.0,515.0,483.0,0
488.0,520.0,591.0,540.0,534.0,529.0,515.0,483.0,0
488.0,520.0,591.0,540.0,534.0,529.0,515.0,483.0,0
488.0,520.0,591.0,540.0,534.0,529.0,515.0,483.0,0
-
488.0,520.0,591.0,540.0,534.0,529.0,515.0,483.0,0
488.0,521.0,591.0,540.0,534.0,529.0,515.0,483.0,0
488.0,521.0,591.0,540.0,534.0,529.0,515.0,483.0,0
488.0,521.0,591.0,541.0,534.0,529.0,515.0,483.0,0
488.0,521.0,591.0,541.0,535.0,529.0,515.0,483.0,0
488.0,521.0,591.0,541.0,535.0,530.0,515.0,483.0,0
488.0,521.0,591.0,541.0,535.0,530.0,514.0,483.0,0
488.0,521.0,591.0,541.0,535.0,530.0,514.0,482.0,0
-
487.0,521.0,591.0,541.0,535.0,530.0,514.0,482.0,0
487.0,519.0,591.0,541.0,535.0,530.0,514.0,482.0,0
487.0,519.0,591.0,541.0,535.0,530.0,514.0,482.0,0
487.0,519.0,591.0,541.0,535.0,530.0,514.0,482.0,0
487.0,519.0,591.0,541.0,536.0,530.0,514.0,482.0,0
487.0,519.0,591.0,541.0,536.0,530.0,514.0,482.0,0
487.0,519.0,591.0,541.0,536.0,530.0,514.0,482.0,0
487.0,519.0,591.0,541.0,536.0,530.0,514.0,482.0,0
-
487.0,519.0,591.0,541.0,536.0,530.0,514.0,482.0,0
487.0,520.0,591.0,541.0,536.0,530.0,514.0,482.0,0
487.0,520.0,591.0,541.0,536.0,530.0,514.0,482.0,0
487.0,520.0,591.0,540.0,536.0,530.0,514.0,482.0,0
487.0,520.0,591.0,540.0,536.0,530.0,514.0,482.0,0
487.0,520.0,591.0,540.0,536.0,531.0,514.0,482.0,0
487.0,520.0,591.0,540.0,536.0,531.0,513.0,482.0,0
487.0,520.0,591.0,540.0,536.0,531.0,513.0,483.0,0
-
487.0,520.0,591.0,540.0,536.0,531.0,513.0,483.0,0
487.0,520.0,591.0,540.0,536.0,531.0,513.0,483.0,0
487.0,520.0,590.0,540.0,536.0,531.0,513.0,483.0,0
487.0,520.0,590.0,540.0,536.0,531.0,513.0,483.0,0
487.0,520.0,590.0,540.0,535.0,531.0,513.0,483.0,0
487.0,520.0,590.0,540.0,535.0,530.0,513.0,483.0,0
487.0,520.0,590.0,540.0,535.0,530.0,515.0,483.0,0
487.0,520.0,590.0,540.0,535.0,530.0,515.0,483.0,0
-
486.0,520.0,590.0,540.0,535.0,530.0,515.0,483.0,0
486.0,519.0,590.0,540.0,535.0,530.0,515.0,483.0,0
486.0,519.0,591.0,540.0,535.0,530.0,515.0,483.0,0
486.0,519.0,591.0,539.0,535.0,530.0,515.0,483.0,0
486.0,519.0,591.0,539.0,535.0,530.0,515.0,483.0,0
486.0,519.0,591.0,539.0,535.0,530.0,515.0,483.0,0
486.0,519.0,591.0,539.0,535.0,530.0,514.0,483.0,0
486.0,519.0,591.0,539.0,535.0,530.0,514.0,482.0,0
-
485.0,519.0,591.0,539.0,535.0,530.0,514.0,482.0,0
485.0,519.0,591.0,539.0,535.0,530.0,514.0,482.0,0
485.0,519.0,594.0,539.0,535.0,530.0,514.0,482.0,0
485.0,519.0,594.0,541.0,535.0,530.0,514.0,482.0,0
485.0,519.0,594.0,541.0,535.0,530.0,514.0,482.0,0
485.0,519.0,594.0,541.0,535.0,531.0,514.0,482.0,0
485.0,519.0,594.0,541.0,535.0,531.0,515.0,482.0,0
485.0,519.0,594.0,541.0,535.0,531.0,515.0,483.0,0
-
484.0,519.0,594.0,541.0,535.0,531.0,515.0,483.0,0
484.0,520.0,594.0,541.0,535.0,531.0,515.0,483.0,0
484.0,520.0,590.0,541.0,535.0,531.0,515.0,483.0,0
484.0,520.0,590.0,540.0,535.0,531.0,515.0,483.0,0
484.0,520.0,590.0,540.0,536.0,531.0,515.0,483.0,0
484.0,520.0,590.0,540.0,536.0,532.0,515.0,483.0,0
484.0,520.0,590.0,540.0,536.0,532.0,515.0,483.0,0
484.0,520.0,590.0,540.0,536.0,532.0,515.0,483.0,0
-
487.0,520.0,590.0,540.0,536.0,532.0,515.0,483.0,0
487.0,520.0,590.0,540.0,536.0,532.0,515.0,483.0,0
487.0,520.0,591.0,540.0,536.0,532.0,515.0,483.0,0
487.0,520.0,591.0,539.0,536.0,532.0,515.0,483.0,0
487.0,520.0,591.0,539.0,534.0,532.0,515.0,483.0,0
487.0,520.0,591.0,539.0,534.0,529.0,515.0,483.0,0
487.0,520.0,591.0,539.0,534.0,529.0,514.0,483.0,0
487.0,520.0,591.0,539.0,534.0,529.0,514.0,481.0,0
-
486.0,520.0,591.0,539.0,534.0,529.0,514.0,481.0,0
486.0,521.0,591.0,539.0,534.0,529.0,514.0,481.0,0
486.0,521.0,590.0,539.0,534.0,529.0,514.0,481.0,0
486.0,521.0,590.0,540.0,534.0,529.0,514.0,481.0,0
486.0,521.0,590.0,540.0,536.0,529.0,514.0,481.0,0
486.0,521.0,590.0,540.0,536.0,530.0,514.0,481.0,0
486.0,521.0,590.0,540.0,536.0,530.0,514.0,481.0,0
486.0,521.0,590.0,540.0,536.0,530.0,514.0,481.0,0
-
486.0,521.0,590.0,540.0,536.0,530.0,514.0,481.0,0
486.0,519.0,590.0,540.0,536.0,530.0,514.0,481.0,0
486.0,519.0,593.0,540.0,536.0,530.0,514.0,481.0,0
486.0,519.0,593.0,542.0,536.0,530.0,514.0,481.0,0
486.0,519.0,593.0,542.0,534.0,530.0,514.0,481.0,0
486.0,519.0,593.0,542.0,534.0,531.0,514.0,481.0,0
486.0,519.0,593.0,542.0,534.0,531.0,514.0,481.0,0
486.0,519.0,593.0,542.0,534.0,531.0,514.0,482.0,0
-
487.0,519.0,593.0,542.0,534.0,531.0,514.0,482.0,0
487.0,520.0,593.0,542.0,534.0,531.0,514.0,482.0,0
487.0,520.0,591.0,542.0,534.0,531.0,514.0,482.0,0
487.0,520.0,591.0,540.0,534.0,531.0,514.0,482.0,0
487.0,520.0,591.0,540.0,535.0,531.0,514.0,482.0,0
487.0,520.0,591.0,540.0,535.0,530.0,514.0,482.0,0
487.0,520.0,591.0,540.0,535.0,530.0,512.0,482.0,0
487.0,520.0,591.0,540.0,535.0,530.0,512.0,483.0,0
-
488.0,520.0,591.0,540.0,535.0,530.0,512.0,483.0,0
488.0,520.0,591.0,540.0,535.0,530.0,512.0,483.0,0
488.0,520.0,592.0,540.0,535.0,530.0,512.0,483.0,0
488.0,520.0,592.0,541.0,535.0,530.0,512.0,483.0,0
488.0,520.0,592.0,541.0,534.0,530.0,512.0,483.0,0
488.0,520.0,592.0,541.0,534.0,530.0,512.0,483.0,0
488.0,520.0,592.0,541.0,534.0,530.0,514.0,483.0,0
488.0,520.0,592.0,541.0,534.0,530.0,514.0,483.0,0
-
487.0,520.0,592.0,541.0,534.0,530.0,514.0,483.0,0
487.0,521.0,592.0,541.0,534.0,530.0,514.0,483.0,0
487.0,521.0,592.0,541.0,534.0,530.0,514.0,483.0,0
487.0,521.0,592.0,541.0,534.0,530.0,514.0,483.0,0
487.0,521.0,592.0,541.0,536.0,530.0,514.0,483.0,0
487.0,521.0,592.0,541.0,536.0,530.0,514.0,483.0,0
487.0,521.0,592.0,541.0,536.0,530.0,514.0,483.0,0
487.0,521.0,592.0,541.0,536.0,530.0,514.0,482.0,0
-
486.0,521.0,592.0,541.0,536.0,530.0,514.0,482.0,0
486.0,519.0,592.0,541.0,536.0,530.0,514.0,482.0,0
486.0,519.0,592.0,541.0,536.0,530.0,514.0,482.0,0
486.0,519.0,592.0,542.0,536.0,530.0,514.0,482.0,0
486.0,519.0,592.0,542.0,536.0,530.0,514.0,482.0,0
486.0,519.0,592.0,542.0,536.0,531.0,514.0,482.0,0
486.0,519.0,592.0,542.0,536.0,531.0,515.0,482.0,0
486.0,519.0,592.0,542.0,536.0,531.0,515.0,483.0,0
-
488.0,519.0,592.0,542.0,536.0,531.0,515.0,483.0,0
488.0,520.0,592.0,542.0,536.0,531.0,515.0,483.0,0
488.0,520.0,590.0,542.0,536.0,531.0,515.0,483.0,0
488.0,520.0,590.0,540.0,536.0,531.0,515.0,483.0,0
488.0,520.0,590.0,540.0,533.0,531.0,515.0,483.0,0
488.0,520.0,590.0,540.0,533.0,532.0,515.0,483.0,0
488.0,520.0,590.0,540.0,533.0,532.0,514.0,483.0,0
488.0,520.0,590.0,540.0,533.0,532.0,514.0,483.0,0
-
487.0,520.0,590.0,540.0,533.0,532.0,514.0,483.0,0
487.0,521.0,590.0,540.0,533.0,532.0,514.0,483.0,0
487.0,521.0,592.0,540.0,533.0,532.0,514.0,483.0,0
487.0,521.0,592.0,540.0,533.0,532.0,514.0,483.0,0
487.0,521.0,592.0,540.0,535.0,532.0,514.0,483.0,0
487.0,521.0,592.0,540.0,535.0,529.0,514.0,483.0,0
487.0,521.0,592.0,540.0,535.0,529.0,514.0,483.0,0
487.0,521.0,592.0,540.0,535.0,529.0,514.0,483.0,0
-
487.0,521.0,592.0,540.0,535.0,529.0,514.0,483.0,0
487.0,520.0,592.0,540.0,535.0,529.0,514.0,483.0,0
487.0,520.0,592.0,540.0,535.0,529.0,514.0,483.0,0
487.0,520.0,592.0,540.0,535.0,529.0,514.0,483.0,0
487.0,520.0,592.0,540.0,535.0,529.0,514.0,483.0,0
487.0,520.0,592.0,540.0,535.0,531.0,514.0,483.0,0
487.0,520.0,592.0,540.0,535.0,531.0,514.0,483.0,0
487.0,520.0,592.0,540.0,535.0,531.0,514.0,482.0,0
-
485.0,520.0,592.0,540.0,535.0,531.0,514.0,482.0,0
485.0,519.0,592.0,540.0,535.0,531.0,514.0,482.0,0
485.0,519.0,591.0,540.0,535.0,531.0,514.0,482.0,0
485.0,519.0,591.0,541.0,535.0,531.0,514.0,482.0,0
485.0,519.0,591.0,541.0,536.0,531.0,514.0,482.0,0
485.0,519.0,591.0,541.0,536.0,530.0,514.0,482.0,0
485.0,519.0,591.0,541.0,536.0,530.0,514.0,482.0,0
485.0,519.0,591.0,541.0,536.0,530.0,514.0,483.0,0
-
485.0,519.0,591.0,541.0,536.0,530.0,514.0,483.0,0
485.0,519.0,591.0,541.0,536.0,530.0,514.0,483.0,0
485.0,519.0,591.0,541.0,536.0,530.0,514.0,483.0,0
485.0,519.0,591.0,539.0,536.0,530.0,514.0,483.0,0
485.0,519.0,591.0,539.0,534.0,530.0,514.0,483.0,0
485.0,519.0,591.0,539.0,534.0,531.0,514.0,483.0,0
485.0,519.0,591.0,539.0,534.0,531.0,515.0,483.0,0
485.0,519.0,591.0,539.0,534.0,531.0,515.0,484.0,0
-
486.0,519.0,591.0,539.0,534.0,531.0,515.0,484.0,0
486.0,520.0,591.0,539.0,534.0,531.0,515.0,484.0,0
486.0,520.0,591.0,539.0,534.0,531.0,515.0,484.0,0
486.0,520.0,591.0,541.0,534.0,531.0,515.0,484.0,0
486.0,520.0,591.0,541.0,534.0,531.0,515.0,484.0,0
486.0,520.0,591.0,541.0,534.0,530.0,515.0,484.0,0
486.0,520.0,591.0,541.0,534.0,530.0,513.0,484.0,0
486.0,520.0,591.0,541.0,534.0,530.0,513.0,482.0,0
-
483.0,520.0,591.0,541.0,534.0,530.0,513.0,482.0,0
483.0,520.0,591.0,541.0,534.0,530.0,513.0,482.0,0
483.0,520.0,591.0,541.0,534.0,530.0,513.0,482.0,0
483.0,520.0,591.0,541.0,534.0,530.0,513.0,482.0,0
483.0,520.0,591.0,541.0,534.0,530.0,513.0,482.0,0
483.0,520.0,591.0,541.0,534.0,531.0,513.0,482.0,0
483.0,520.0,591.0,541.0,534.0,531.0,515.0,482.0,0
483.0,520.0,591.0,541.0,534.0,531.0,515.0,483.0,0
-
482.0,520.0,591.0,541.0,534.0,531.0,515.0,483.0,0
482.0,518.0,591.0,541.0,534.0,531.0,515.0,483.0,0
482.0,518.0,590.0,541.0,534.0,531.0,515.0,483.0,0
482.0,518.0,590.0,541.0,534.0,531.0,515.0,483.0,0
482.0,518.0,590.0,541.0,534.0,531.0,515.0,483.0,0
482.0,518.0,590.0,541.0,534.0,531.0,515.0,483.0,0
482.0,518.0,590.0,541.0,534.0,531.0,513.0,483.0,0
482.0,518.0,590.0,541.0,534.0,531.0,513.0,482.0,0
-
484.0,518.0,590.0,541.0,534.0,531.0,513.0,482.0,0
484.0,518.0,590.0,541.0,534.0,531.0,513.0,482.0,0
484.0,518.0,589.0,541.0,534.0,531.0,513.0,482.0,0
484.0,518.0,589.0,539.0,534.0,531.0,513.0,482.0,0
484.0,518.0,589.0,539.0,533.0,531.0,513.0,482.0,0
484.0,518.0,589.0,539.0,533.0,530.0,513.0,482.0,0
484.0,518.0,589.0,539.0,533.0,530.0,514.0,482.0,0
484.0,518.0,589.0,539.0,533.0,530.0,514.0,482.0,0
-
483.0,518.0,589.0,539.0,533.0,530.0,514.0,482.0,0
483.0,520.0,589.0,539.0,533.0,530.0,514.0,482.0,0
483.0,520.0,591.0,539.0,533.0,530.0,514.0,482.0,0
483.0,520.0,591.0,540.0,533.0,530.0,514.0,482.0,0
483.0,520.0,591.0,540.0,533.0,530.0,514.0,482.0,0
483.0,520.0,591.0,540.0,533.0,530.0,514.0,482.0,0
483.0,520.0,591.0,540.0,533.0,530.0,514.0,482.0,0
483.0,520.0,591.0,540.0,533.0,530.0,514.0,481.0,0
-
481.0,520.0,591.0,540.0,533.0,530.0,514.0,481.0,0
481.0,518.0,591.0,540.0,533.0,530.0,514.0,481.0,0
481.0,518.0,591.0,540.0,533.0,530.0,514.0,481.0,0
481.0,518.0,591.0,540.0,533.0,530.0,514.0,481.0,0
481.0,518.0,591.0,540.0,535.0,530.0,514.0,481.0,0
481.0,518.0,591.0,540.0,535.0,528.0,514.0,481.0,0
481.0,518.0,591.0,540.0,535.0,528.0,514.0,481.0,0
481.0,518.0,591.0,540.0,535.0,528.0,514.0,482.0,0
-
482.0,518.0,591.0,540.0,535.0,528.0,514.0,482.0,0
482.0,519.0,591.0,540.0,535.0,528.0,514.0,482.0,0
482.0,519.0,589.0,540.0,535.0,528.0,514.0,482.0,0
482.0,519.0,589.0,540.0,535.0,528.0,514.0,482.0,0
482.0,519.0,589.0,540.0,536.0,528.0,514.0,482.0,0
482.0,519.0,589.0,540.0,536.0,531.0,514.0,482.0,0
482.0,519.0,589.0,540.0,536.0,531.0,515.0,482.0,0
482.0,519.0,589.0,540.0,536.0,531.0,515.0,482.0,0
-
482.0,519.0,589.0,540.0,536.0,531.0,515.0,482.0,0
482.0,519.0,589.0,540.0,536.0,531.0,515.0,482.0,0
482.0,519.0,590.0,540.0,536.0,531.0,515.0,482.0,0
482.0,519.0,590.0,540.0,536.0,531.0,515.0,482.0,0
482.0,519.0,590.0,540.0,533.0,531.0,515.0,482.0,0
482.0,519.0,590.0,540.0,533.0,530.0,515.0,482.0,0
482.0,519.0,590.0,540.0,533.0,530.0,515.0,482.0,0
482.0,519.0,590.0,540.0,533.0,530.0,515.0,483.0,0
-
482.0,519.0,590.0,540.0,533.0,530.0,515.0,483.0,0
482.0,520.0,590.0,540.0,533.0,530.0,515.0,483.0,0
482.0,520.0,588.0,540.0,533.0,530.0,515.0,483.0,0
482.0,520.0,588.0,542.0,533.0,530.0,515.0,483.0,0
482.0,520.0,588.0,542.0,536.0,530.0,515.0,483.0,0
482.0,520.0,588.0,542.0,536.0,530.0,515.0,483.0,0
482.0,520.0,588.0,542.0,536.0,530.0,513.0,483.0,0
482.0,520.0,588.0,542.0,536.0,530.0,513.0,481.0,0
-
482.0,520.0,588.0,542.0,536.0,530.0,513.0,481.0,0
482.0,519.0,588.0,542.0,536.0,530.0,513.0,481.0,0
482.0,519.0,592.0,542.0,536.0,530.0,513.0,481.0,0
482.0,519.0,592.0,542.0,536.0,530.0,513.0,481.0,0
482.0,519.0,592.0,542.0,535.0,530.0,513.0,481.0,0
482.0,519.0,592.0,542.0,535.0,530.0,513.0,481.0,0
482.0,519.0,592.0,542.0,535.0,530.0,515.0,481.0,0
482.0,519.0,592.0,542.0,535.0,530.0,515.0,482.0,0
-
483.0,519.0,592.0,542.0,535.0,530.0,515.0,482.0,0
483.0,519.0,592.0,542.0,535.0,530.0,515.0,482.0,0
483.0,519.0,590.0,542.0,535.0,530.0,515.0,482.0,0
483.0,519.0,590.0,540.0,535.0,530.0,515.0,482.0,0
483.0,519.0,590.0,540.0,535.0,530.0,515.0,482.0,0
483.0,519.0,590.0,540.0,535.0,532.0,515.0,482.0,0
483.0,519.0,590.0,540.0,535.0,532.0,514.0,482.0,0
483.0,519.0,590.0,540.0,535.0,532.0,514.0,481.0,0
-
482.0,519.0,590.0,540.0,535.0,532.0,514.0,481.0,0
482.0,520.0,590.0,540.0,535.0,532.0,514.0,481.0,0
482.0,520.0,591.0,540.0,535.0,532.0,514.0,481.0,0
482.0,520.0,591.0,542.0,535.0,532.0,514.0,481.0,0
482.0,520.0,591.0,542.0,533.0,532.0,514.0,481.0,0
482.0,520.0,591.0,542.0,533.0,531.0,514.0,481.0,0
482.0,520.0,591.0,542.0,533.0,531.0,516.0,481.0,0
482.0,520.0,591.0,542.0,533.0,531.0,516.0,483.0,0
-
482.0,520.0,591.0,542.0,533.0,531.0,516.0,483.0,0
482.0,520.0,591.0,542.0,533.0,531.0,516.0,483.0,0
482.0,520.0,593.0,542.0,533.0,531.0,516.0,483.0,0
482.0,520.0,593.0,541.0,533.0,531.0,516.0,483.0,0
482.0,520.0,593.0,541.0,534.0,531.0,516.0,483.0,0
482.0,520.0,593.0,541.0,534.0,530.0,516.0,483.0,0
482.0,520.0,593.0,541.0,534.0,530.0,514.0,483.0,0
482.0,520.0,593.0,541.0,534.0,530.0,514.0,481.0,0
-
482.0,520.0,593.0,541.0,534.0,530.0,514.0,481.0,0
482.0,519.0,593.0,541.0,534.0,530.0,514.0,481.0,0
482.0,519.0,593.0,541.0,534.0,530.0,514.0,481.0,0
482.0,519.0,593.0,540.0,534.0,530.0,514.0,481.0,0
482.0,519.0,593.0,540.0,535.0,530.0,514.0,481.0,0
482.0,519.0,593.0,540.0,535.0,530.0,514.0,481.0,0
482.0,519.0,593.0,540.0,535.0,530.0,513.0,481.0,0
482.0,519.0,593.0,540.0,535.0,530.0,513.0,482.0,0
-
483.0,519.0,593.0,540.0,535.0,530.0,513.0,482.0,0
483.0,519.0,593.0,540.0,535.0,530.0,513.0,482.0,0
483.0,519.0,591.0,540.0,535.0,530.0,513.0,482.0,0
483.0,519.0,591.0,541.0,535.0,530.0,513.0,482.0,0
483.0,519.0,591.0,541.0,534.0,530.0,513.0,482.0,0
483.0,519.0,591.0,541.0,534.0,531.0,513.0,482.0,0
483.0,519.0,591.0,541.0,534.0,531.0,514.0,482.0,0
483.0,519.0,591.0,541.0,534.0,531.0,514.0,483.0,0
-
