155.0,0.0,0.0,0.0,0.0,0.0,0.0,0.0,0
155.0,221.0,0.0,0.0,0.0,0.0,0.0,0.0,0
155.0,221.0,277.0,0.0,0.0,0.0,0.0,0.0,0
155.0,221.0,277.0,225.0,0.0,0.0,0.0,0.0,0
155.0,221.0,277.0,225.0,211.0,0.0,0.0,0.0,0
155.0,221.0,277.0,225.0,211.0,157.0,0.0,0.0,0
155.0,221.0,277.0,225.0,211.0,157.0,196.0,0.0,0
155.0,221.0,277.0,225.0,211.0,157.0,196.0,248.0,0
155.0,221.0,277.0,225.0,211.0,157.0,196.0,248.0,0
155.0,219.0,277.0,225.0,211.0,157.0,196.0,248.0,0
155.0,219.0,279.0,225.0,211.0,157.0,196.0,248.0,0
155.0,219.0,279.0,225.0,211.0,157.0,196.0,248.0,0
155.0,219.0,279.0,225.0,213.0,157.0,196.0,248.0,0
155.0,219.0,279.0,225.0,213.0,157.0,196.0,248.0,0
155.0,219.0,279.0,225.0,213.0,157.0,193.0,248.0,0
155.0,219.0,279.0,225.0,213.0,157.0,193.0,246.0,0
153.0,219.0,279.0,225.0,213.0,157.0,193.0,246.0,0
153.0,220.0,279.0,225.0,213.0,157.0,193.0,246.0,0
153.0,220.0,277.0,225.0,213.0,157.0,193.0,246.0,0
153.0,220.0,277.0,223.0,213.0,157.0,193.0,246.0,0
153.0,220.0,277.0,223.0,213.0,157.0,193.0,246.0,0
153.0,220.0,277.0,223.0,213.0,157.0,193.0,246.0,0
153.0,220.0,277.0,223.0,213.0,157.0,194.0,246.0,0
153.0,220.0,277.0,223.0,213.0,157.0,194.0,248.0,0
155.0,220.0,277.0,223.0,213.0,157.0,194.0,248.0,0
155.0,218.0,277.0,223.0,213.0,157.0,194.0,248.0,0
155.0,218.0,276.0,223.0,213.0,157.0,194.0,248.0,0
155.0,218.0,276.0,225.0,213.0,157.0,194.0,248.0,0
155.0,218.0,276.0,225.0,213.0,157.0,194.0,248.0,0
155.0,218.0,276.0,225.0,213.0,158.0,194.0,248.0,0
155.0,218.0,276.0,225.0,213.0,158.0,194.0,248.0,0
155.0,218.0,276.0,225.0,213.0,158.0,194.0,249.0,0
-
155.0,218.0,276.0,225.0,213.0,158.0,194.0,249.0,0
155.0,219.0,276.0,225.0,213.0,158.0,194.0,249.0,0
155.0,219.0,278.0,225.0,213.0,158.0,194.0,249.0,0
155.0,219.0,278.0,226.0,213.0,158.0,194.0,249.0,0
155.0,219.0,278.0,226.0,212.0,158.0,194.0,249.0,0
155.0,219.0,278.0,226.0,212.0,156.0,194.0,249.0,0
155.0,219.0,278.0,226.0,212.0,156.0,194.0,249.0,0
155.0,219.0,278.0,226.0,212.0,156.0,194.0,249.0,0
157.0,219.0,278.0,226.0,212.0,156.0,194.0,249.0,0
157.0,219.0,278.0,226.0,212.0,156.0,194.0,249.0,0
157.0,219.0,278.0,226.0,212.0,156.0,194.0,249.0,0
157.0,219.0,278.0,226.0,212.0,156.0,194.0,249.0,0
157.0,219.0,278.0,226.0,212.0,156.0,194.0,249.0,0
157.0,219.0,278.0,226.0,212.0,157.0,194.0,249.0,0
157.0,219.0,278.0,226.0,212.0,157.0,193.0,249.0,0
157.0,219.0,278.0,226.0,212.0,157.0,193.0,246.0,0
154.0,219.0,278.0,226.0,212.0,157.0,193.0,246.0,0
154.0,218.0,278.0,226.0,212.0,157.0,193.0,246.0,0
154.0,218.0,279.0,226.0,212.0,157.0,193.0,246.0,0
154.0,218.0,279.0,226.0,212.0,157.0,193.0,246.0,0
154.0,218.0,279.0,226.0,214.0,157.0,193.0,246.0,0
154.0,218.0,279.0,226.0,214.0,159.0,193.0,246.0,0
154.0,218.0,279.0,226.0,214.0,159.0,194.0,246.0,0
154.0,218.0,279.0,226.0,214.0,159.0,194.0,248.0,0
156.0,218.0,279.0,226.0,214.0,159.0,194.0,248.0,0
156.0,219.0,279.0,226.0,214.0,159.0,194.0,248.0,0
156.0,219.0,276.0,226.0,214.0,159.0,194.0,248.0,0
156.0,219.0,276.0,224.0,214.0,159.0,194.0,248.0,0
156.0,219.0,276.0,224.0,213.0,159.0,194.0,248.0,0
156.0,219.0,276.0,224.0,213.0,158.0,194.0,248.0,0
156.0,219.0,276.0,224.0,213.0,158.0,194.0,248.0,0
156.0,219.0,276.0,224.0,213.0,158.0,194.0,246.0,0
-
156.0,219.0,276.0,224.0,213.0,158.0,194.0,246.0,0
156.0,220.0,276.0,224.0,213.0,158.0,194.0,246.0,0
156.0,220.0,276.0,224.0,213.0,158.0,194.0,246.0,0
156.0,220.0,276.0,228.0,213.0,158.0,194.0,246.0,0
156.0,220.0,276.0,228.0,213.0,158.0,194.0,246.0,0
156.0,220.0,276.0,228.0,213.0,157.0,194.0,246.0,0
156.0,220.0,276.0,228.0,213.0,157.0,194.0,246.0,0
156.0,220.0,276.0,228.0,213.0,157.0,194.0,247.0,0
156.0,220.0,276.0,228.0,213.0,157.0,194.0,247.0,0
156.0,220.0,276.0,228.0,213.0,157.0,194.0,247.0,0
156.0,220.0,277.0,228.0,213.0,157.0,194.0,247.0,0
156.0,220.0,277.0,228.0,213.0,157.0,194.0,247.0,0
156.0,220.0,277.0,228.0,214.0,157.0,194.0,247.0,0
156.0,220.0,277.0,228.0,214.0,159.0,194.0,247.0,0
156.0,220.0,277.0,228.0,214.0,159.0,194.0,247.0,0
156.0,220.0,277.0,228.0,214.0,159.0,194.0,246.0,0
154.0,220.0,277.0,228.0,214.0,159.0,194.0,246.0,0
154.0,218.0,277.0,228.0,214.0,159.0,194.0,246.0,0
154.0,218.0,279.0,228.0,214.0,159.0,194.0,246.0,0
154.0,218.0,279.0,227.0,214.0,159.0,194.0,246.0,0
154.0,218.0,279.0,227.0,213.0,159.0,194.0,246.0,0
154.0,218.0,279.0,227.0,213.0,159.0,194.0,246.0,0
154.0,218.0,279.0,227.0,213.0,159.0,195.0,246.0,0
154.0,218.0,279.0,227.0,213.0,159.0,195.0,248.0,0
155.0,218.0,279.0,227.0,213.0,159.0,195.0,248.0,0
155.0,220.0,279.0,227.0,213.0,159.0,195.0,248.0,0
155.0,220.0,276.0,227.0,213.0,159.0,195.0,248.0,0
155.0,220.0,276.0,227.0,213.0,159.0,195.0,248.0,0
155.0,220.0,276.0,227.0,214.0,159.0,195.0,248.0,0
155.0,220.0,276.0,227.0,214.0,158.0,195.0,248.0,0
155.0,220.0,276.0,227.0,214.0,158.0,193.0,248.0,0
155.0,220.0,276.0,227.0,214.0,158.0,193.0,247.0,0
-
156.0,220.0,276.0,227.0,214.0,158.0,193.0,247.0,1
156.0,218.0,276.0,227.0,214.0,158.0,193.0,247.0,1
156.0,218.0,278.0,227.0,214.0,158.0,193.0,247.0,1
156.0,218.0,278.0,227.0,214.0,158.0,193.0,247.0,1
156.0,218.0,278.0,227.0,213.0,158.0,193.0,247.0,1
156.0,218.0,278.0,227.0,213.0,155.0,193.0,247.0,1
156.0,218.0,278.0,227.0,213.0,155.0,193.0,247.0,1
156.0,218.0,278.0,227.0,213.0,155.0,193.0,247.0,1
156.0,218.0,278.0,227.0,213.0,155.0,193.0,247.0,1
156.0,218.0,278.0,227.0,213.0,155.0,193.0,247.0,1
156.0,218.0,279.0,227.0,213.0,155.0,193.0,247.0,1
156.0,218.0,279.0,228.0,213.0,155.0,193.0,247.0,1
156.0,218.0,279.0,228.0,214.0,155.0,193.0,247.0,1
156.0,218.0,279.0,228.0,214.0,158.0,193.0,247.0,1
156.0,218.0,279.0,228.0,214.0,158.0,194.0,247.0,1
156.0,218.0,279.0,228.0,214.0,158.0,194.0,246.0,1
154.0,218.0,279.0,228.0,214.0,158.0,194.0,246.0,1
154.0,218.0,279.0,228.0,214.0,158.0,194.0,246.0,1
154.0,218.0,279.0,228.0,214.0,158.0,194.0,246.0,1
154.0,218.0,279.0,228.0,214.0,158.0,194.0,246.0,1
154.0,218.0,279.0,228.0,213.0,158.0,194.0,246.0,1
154.0,218.0,279.0,228.0,213.0,158.0,194.0,246.0,1
154.0,218.0,279.0,228.0,213.0,158.0,193.0,246.0,1
154.0,218.0,279.0,228.0,213.0,158.0,193.0,246.0,1
157.0,218.0,279.0,228.0,213.0,158.0,193.0,246.0,1
157.0,220.0,279.0,228.0,213.0,158.0,193.0,246.0,1
157.0,220.0,277.0,228.0,213.0,158.0,193.0,246.0,1
157.0,220.0,277.0,228.0,213.0,158.0,193.0,246.0,1
157.0,220.0,277.0,228.0,213.0,158.0,193.0,246.0,1
157.0,220.0,277.0,228.0,213.0,158.0,193.0,246.0,1
157.0,220.0,277.0,228.0,213.0,158.0,195.0,246.0,1
157.0,220.0,277.0,228.0,213.0,158.0,195.0,247.0,1
-
156.0,220.0,277.0,228.0,213.0,158.0,195.0,247.0,0
156.0,218.0,277.0,228.0,213.0,158.0,195.0,247.0,0
156.0,218.0,278.0,228.0,213.0,158.0,195.0,247.0,0
156.0,218.0,278.0,229.0,213.0,158.0,195.0,247.0,0
156.0,218.0,278.0,229.0,214.0,158.0,195.0,247.0,0
156.0,218.0,278.0,229.0,214.0,158.0,195.0,247.0,0
156.0,218.0,278.0,229.0,214.0,158.0,193.0,247.0,0
156.0,218.0,278.0,229.0,214.0,158.0,193.0,248.0,0
155.0,218.0,278.0,229.0,214.0,158.0,193.0,248.0,0
155.0,218.0,278.0,229.0,214.0,158.0,193.0,248.0,0
155.0,218.0,279.0,229.0,214.0,158.0,193.0,248.0,0
155.0,218.0,279.0,229.0,214.0,158.0,193.0,248.0,0
155.0,218.0,279.0,229.0,215.0,158.0,193.0,248.0,0
155.0,218.0,279.0,229.0,215.0,158.0,193.0,248.0,0
155.0,218.0,279.0,229.0,215.0,158.0,194.0,248.0,0
155.0,218.0,279.0,229.0,215.0,158.0,194.0,246.0,0
157.0,218.0,279.0,229.0,215.0,158.0,194.0,246.0,0
157.0,218.0,279.0,229.0,215.0,158.0,194.0,246.0,0
157.0,218.0,277.0,229.0,215.0,158.0,194.0,246.0,0
157.0,218.0,277.0,228.0,215.0,158.0,194.0,246.0,0
157.0,218.0,277.0,228.0,215.0,158.0,194.0,246.0,0
157.0,218.0,277.0,228.0,215.0,159.0,194.0,246.0,0
157.0,218.0,277.0,228.0,215.0,159.0,193.0,246.0,0
157.0,218.0,277.0,228.0,215.0,159.0,193.0,247.0,0
157.0,218.0,277.0,228.0,215.0,159.0,193.0,247.0,0
157.0,219.0,277.0,228.0,215.0,159.0,193.0,247.0,0
157.0,219.0,278.0,228.0,215.0,159.0,193.0,247.0,0
157.0,219.0,278.0,227.0,215.0,159.0,193.0,247.0,0
157.0,219.0,278.0,227.0,214.0,159.0,193.0,247.0,0
157.0,219.0,278.0,227.0,214.0,159.0,193.0,247.0,0
157.0,219.0,278.0,227.0,214.0,159.0,193.0,247.0,0
157.0,219.0,278.0,227.0,214.0,159.0,193.0,245.0,0
-
157.0,219.0,278.0,227.0,214.0,159.0,193.0,245.0,1
157.0,219.0,278.0,227.0,214.0,159.0,193.0,245.0,1
157.0,219.0,278.0,227.0,214.0,159.0,193.0,245.0,1
157.0,219.0,278.0,229.0,214.0,159.0,193.0,245.0,1
157.0,219.0,278.0,229.0,216.0,159.0,193.0,245.0,1
157.0,219.0,278.0,229.0,216.0,157.0,193.0,245.0,1
157.0,219.0,278.0,229.0,216.0,157.0,192.0,245.0,1
157.0,219.0,278.0,229.0,216.0,157.0,192.0,246.0,1
156.0,219.0,278.0,229.0,216.0,157.0,192.0,246.0,1
156.0,221.0,278.0,229.0,216.0,157.0,192.0,246.0,1
156.0,221.0,279.0,229.0,216.0,157.0,192.0,246.0,1
156.0,221.0,279.0,231.0,216.0,157.0,192.0,246.0,1
156.0,221.0,279.0,231.0,216.0,157.0,192.0,246.0,1
156.0,221.0,279.0,231.0,216.0,158.0,192.0,246.0,1
156.0,221.0,279.0,231.0,216.0,158.0,192.0,246.0,1
156.0,221.0,279.0,231.0,216.0,158.0,192.0,244.0,1
155.0,221.0,279.0,231.0,216.0,158.0,192.0,244.0,1
155.0,218.0,279.0,231.0,216.0,158.0,192.0,244.0,1
155.0,218.0,277.0,231.0,216.0,158.0,192.0,244.0,1
155.0,218.0,277.0,234.0,216.0,158.0,192.0,244.0,1
155.0,218.0,277.0,234.0,216.0,158.0,192.0,244.0,1
155.0,218.0,277.0,234.0,216.0,156.0,192.0,244.0,1
155.0,218.0,277.0,234.0,216.0,156.0,192.0,244.0,1
155.0,218.0,277.0,234.0,216.0,156.0,192.0,244.0,1
155.0,218.0,277.0,234.0,216.0,156.0,192.0,244.0,1
155.0,221.0,277.0,234.0,216.0,156.0,192.0,244.0,1
155.0,221.0,280.0,234.0,216.0,156.0,192.0,244.0,1
155.0,221.0,280.0,236.0,216.0,156.0,192.0,244.0,1
155.0,221.0,280.0,236.0,215.0,156.0,192.0,244.0,1
155.0,221.0,280.0,236.0,215.0,157.0,192.0,244.0,1
155.0,221.0,280.0,236.0,215.0,157.0,191.0,244.0,1
155.0,221.0,280.0,236.0,215.0,157.0,191.0,244.0,1
-
157.0,221.0,280.0,236.0,215.0,157.0,191.0,244.0,0
157.0,220.0,280.0,236.0,215.0,157.0,191.0,244.0,0
157.0,220.0,280.0,236.0,215.0,157.0,191.0,244.0,0
157.0,220.0,280.0,238.0,215.0,157.0,191.0,244.0,0
157.0,220.0,280.0,238.0,216.0,157.0,191.0,244.0,0
157.0,220.0,280.0,238.0,216.0,156.0,191.0,244.0,0
157.0,220.0,280.0,238.0,216.0,156.0,190.0,244.0,0
157.0,220.0,280.0,238.0,216.0,156.0,190.0,243.0,0
155.0,220.0,280.0,238.0,216.0,156.0,190.0,243.0,0
155.0,219.0,280.0,238.0,216.0,156.0,190.0,243.0,0
155.0,219.0,280.0,238.0,216.0,156.0,190.0,243.0,0
155.0,219.0,280.0,241.0,216.0,156.0,190.0,243.0,0
155.0,219.0,280.0,241.0,216.0,156.0,190.0,243.0,0
155.0,219.0,280.0,241.0,216.0,159.0,190.0,243.0,0
155.0,219.0,280.0,241.0,216.0,159.0,190.0,243.0,0
155.0,219.0,280.0,241.0,216.0,159.0,190.0,242.0,0
156.0,219.0,280.0,241.0,216.0,159.0,190.0,242.0,0
156.0,219.0,280.0,241.0,216.0,159.0,190.0,242.0,0
156.0,219.0,279.0,241.0,216.0,159.0,190.0,242.0,0
156.0,219.0,279.0,240.0,216.0,159.0,190.0,242.0,0
156.0,219.0,279.0,240.0,215.0,159.0,190.0,242.0,0
156.0,219.0,279.0,240.0,215.0,158.0,190.0,242.0,0
156.0,219.0,279.0,240.0,215.0,158.0,192.0,242.0,0
156.0,219.0,279.0,240.0,215.0,158.0,192.0,241.0,0
156.0,219.0,279.0,240.0,215.0,158.0,192.0,241.0,0
156.0,221.0,279.0,240.0,215.0,158.0,192.0,241.0,0
156.0,221.0,282.0,240.0,215.0,158.0,192.0,241.0,0
156.0,221.0,282.0,239.0,215.0,158.0,192.0,241.0,0
156.0,221.0,282.0,239.0,213.0,158.0,192.0,241.0,0
156.0,221.0,282.0,239.0,213.0,159.0,192.0,241.0,0
156.0,221.0,282.0,239.0,213.0,159.0,192.0,241.0,0
156.0,221.0,282.0,239.0,213.0,159.0,192.0,241.0,0
-
157.0,221.0,282.0,239.0,213.0,159.0,192.0,241.0,1
157.0,220.0,282.0,239.0,213.0,159.0,192.0,241.0,1
157.0,220.0,282.0,239.0,213.0,159.0,192.0,241.0,1
157.0,220.0,282.0,238.0,213.0,159.0,192.0,241.0,1
157.0,220.0,282.0,238.0,214.0,159.0,192.0,241.0,1
157.0,220.0,282.0,238.0,214.0,160.0,192.0,241.0,1
157.0,220.0,282.0,238.0,214.0,160.0,191.0,241.0,1
157.0,220.0,282.0,238.0,214.0,160.0,191.0,240.0,1
154.0,220.0,282.0,238.0,214.0,160.0,191.0,240.0,1
154.0,221.0,282.0,238.0,214.0,160.0,191.0,240.0,1
154.0,221.0,282.0,238.0,214.0,160.0,191.0,240.0,1
154.0,221.0,282.0,241.0,214.0,160.0,191.0,240.0,1
154.0,221.0,282.0,241.0,215.0,160.0,191.0,240.0,1
154.0,221.0,282.0,241.0,215.0,161.0,191.0,240.0,1
154.0,221.0,282.0,241.0,215.0,161.0,192.0,240.0,1
154.0,221.0,282.0,241.0,215.0,161.0,192.0,240.0,1
154.0,221.0,282.0,241.0,215.0,161.0,192.0,240.0,1
154.0,219.0,282.0,241.0,215.0,161.0,192.0,240.0,1
154.0,219.0,281.0,241.0,215.0,161.0,192.0,240.0,1
154.0,219.0,281.0,240.0,215.0,161.0,192.0,240.0,1
154.0,219.0,281.0,240.0,214.0,161.0,192.0,240.0,1
154.0,219.0,281.0,240.0,214.0,163.0,192.0,240.0,1
154.0,219.0,281.0,240.0,214.0,163.0,192.0,240.0,1
154.0,219.0,281.0,240.0,214.0,163.0,192.0,238.0,1
153.0,219.0,281.0,240.0,214.0,163.0,192.0,238.0,1
153.0,221.0,281.0,240.0,214.0,163.0,192.0,238.0,1
153.0,221.0,283.0,240.0,214.0,163.0,192.0,238.0,1
153.0,221.0,283.0,239.0,214.0,163.0,192.0,238.0,1
153.0,221.0,283.0,239.0,213.0,163.0,192.0,238.0,1
153.0,221.0,283.0,239.0,213.0,163.0,192.0,238.0,1
153.0,221.0,283.0,239.0,213.0,163.0,192.0,238.0,1
153.0,221.0,283.0,239.0,213.0,163.0,192.0,238.0,1
-
153.0,221.0,283.0,239.0,213.0,163.0,192.0,238.0,0
153.0,220.0,283.0,239.0,213.0,163.0,192.0,238.0,0
153.0,220.0,281.0,239.0,213.0,163.0,192.0,238.0,0
153.0,220.0,281.0,237.0,213.0,163.0,192.0,238.0,0
153.0,220.0,281.0,237.0,214.0,163.0,192.0,238.0,0
153.0,220.0,281.0,237.0,214.0,167.0,192.0,238.0,0
153.0,220.0,281.0,237.0,214.0,167.0,192.0,238.0,0
153.0,220.0,281.0,237.0,214.0,167.0,192.0,237.0,0
151.0,220.0,281.0,237.0,214.0,167.0,192.0,237.0,0
151.0,220.0,281.0,237.0,214.0,167.0,192.0,237.0,0
151.0,220.0,284.0,237.0,214.0,167.0,192.0,237.0,0
151.0,220.0,284.0,239.0,214.0,167.0,192.0,237.0,0
151.0,220.0,284.0,239.0,215.0,167.0,192.0,237.0,0
151.0,220.0,284.0,239.0,215.0,169.0,192.0,237.0,0
151.0,220.0,284.0,239.0,215.0,169.0,194.0,237.0,0
151.0,220.0,284.0,239.0,215.0,169.0,194.0,237.0,0
153.0,220.0,284.0,239.0,215.0,169.0,194.0,237.0,0
153.0,220.0,284.0,239.0,215.0,169.0,194.0,237.0,0
153.0,220.0,282.0,239.0,215.0,169.0,194.0,237.0,0
153.0,220.0,282.0,238.0,215.0,169.0,194.0,237.0,0
153.0,220.0,282.0,238.0,213.0,169.0,194.0,237.0,0
153.0,220.0,282.0,238.0,213.0,172.0,194.0,237.0,0
153.0,220.0,282.0,238.0,213.0,172.0,194.0,237.0,0
153.0,220.0,282.0,238.0,213.0,172.0,194.0,236.0,0
152.0,220.0,282.0,238.0,213.0,172.0,194.0,236.0,0
152.0,219.0,282.0,238.0,213.0,172.0,194.0,236.0,0
152.0,219.0,282.0,238.0,213.0,172.0,194.0,236.0,0
152.0,219.0,282.0,239.0,213.0,172.0,194.0,236.0,0
152.0,219.0,282.0,239.0,211.0,172.0,194.0,236.0,0
152.0,219.0,282.0,239.0,211.0,172.0,194.0,236.0,0
152.0,219.0,282.0,239.0,211.0,172.0,195.0,236.0,0
152.0,219.0,282.0,239.0,211.0,172.0,195.0,235.0,0
-
150.0,219.0,282.0,239.0,211.0,172.0,195.0,235.0,1
150.0,221.0,282.0,239.0,211.0,172.0,195.0,235.0,1
150.0,221.0,283.0,239.0,211.0,172.0,195.0,235.0,1
150.0,221.0,283.0,240.0,211.0,172.0,195.0,235.0,1
150.0,221.0,283.0,240.0,211.0,172.0,195.0,235.0,1
150.0,221.0,283.0,240.0,211.0,175.0,195.0,235.0,1
150.0,221.0,283.0,240.0,211.0,175.0,195.0,235.0,1
150.0,221.0,283.0,240.0,211.0,175.0,195.0,233.0,1
148.0,221.0,283.0,240.0,211.0,175.0,195.0,233.0,1
148.0,220.0,283.0,240.0,211.0,175.0,195.0,233.0,1
148.0,220.0,283.0,240.0,211.0,175.0,195.0,233.0,1
148.0,220.0,283.0,238.0,211.0,175.0,195.0,233.0,1
148.0,220.0,283.0,238.0,213.0,175.0,195.0,233.0,1
148.0,220.0,283.0,238.0,213.0,174.0,195.0,233.0,1
148.0,220.0,283.0,238.0,213.0,174.0,195.0,233.0,1
148.0,220.0,283.0,238.0,213.0,174.0,195.0,234.0,1
150.0,220.0,283.0,238.0,213.0,174.0,195.0,234.0,1
150.0,220.0,283.0,238.0,213.0,174.0,195.0,234.0,1
150.0,220.0,283.0,238.0,213.0,174.0,195.0,234.0,1
150.0,220.0,283.0,237.0,213.0,174.0,195.0,234.0,1
150.0,220.0,283.0,237.0,212.0,174.0,195.0,234.0,1
150.0,220.0,283.0,237.0,212.0,175.0,195.0,234.0,1
150.0,220.0,283.0,237.0,212.0,175.0,196.0,234.0,1
150.0,220.0,283.0,237.0,212.0,175.0,196.0,233.0,1
148.0,220.0,283.0,237.0,212.0,175.0,196.0,233.0,1
148.0,220.0,283.0,237.0,212.0,175.0,196.0,233.0,1
148.0,220.0,285.0,237.0,212.0,175.0,196.0,233.0,1
148.0,220.0,285.0,239.0,212.0,175.0,196.0,233.0,1
148.0,220.0,285.0,239.0,212.0,175.0,196.0,233.0,1
148.0,220.0,285.0,239.0,212.0,174.0,196.0,233.0,1
148.0,220.0,285.0,239.0,212.0,174.0,195.0,233.0,1
148.0,220.0,285.0,239.0,212.0,174.0,195.0,232.0,1
-
149.0,220.0,285.0,239.0,212.0,174.0,195.0,232.0,0
149.0,218.0,285.0,239.0,212.0,174.0,195.0,232.0,0
149.0,218.0,285.0,239.0,212.0,174.0,195.0,232.0,0
149.0,218.0,285.0,237.0,212.0,174.0,195.0,232.0,0
149.0,218.0,285.0,237.0,213.0,174.0,195.0,232.0,0
149.0,218.0,285.0,237.0,213.0,176.0,195.0,232.0,0
149.0,218.0,285.0,237.0,213.0,176.0,196.0,232.0,0
149.0,218.0,285.0,237.0,213.0,176.0,196.0,231.0,0
147.0,218.0,285.0,237.0,213.0,176.0,196.0,231.0,0
147.0,219.0,285.0,237.0,213.0,176.0,196.0,231.0,0
147.0,219.0,285.0,237.0,213.0,176.0,196.0,231.0,0
147.0,219.0,285.0,238.0,213.0,176.0,196.0,231.0,0
147.0,219.0,285.0,238.0,213.0,176.0,196.0,231.0,0
147.0,219.0,285.0,238.0,213.0,176.0,196.0,231.0,0
147.0,219.0,285.0,238.0,213.0,176.0,197.0,231.0,0
147.0,219.0,285.0,238.0,213.0,176.0,197.0,231.0,0
147.0,219.0,285.0,238.0,213.0,176.0,197.0,231.0,0
147.0,221.0,285.0,238.0,213.0,176.0,197.0,231.0,0
147.0,221.0,284.0,238.0,213.0,176.0,197.0,231.0,0
147.0,221.0,284.0,237.0,213.0,176.0,197.0,231.0,0
147.0,221.0,284.0,237.0,213.0,176.0,197.0,231.0,0
147.0,221.0,284.0,237.0,213.0,175.0,197.0,231.0,0
147.0,221.0,284.0,237.0,213.0,175.0,196.0,231.0,0
147.0,221.0,284.0,237.0,213.0,175.0,196.0,230.0,0
146.0,221.0,284.0,237.0,213.0,175.0,196.0,230.0,0
146.0,220.0,284.0,237.0,213.0,175.0,196.0,230.0,0
146.0,220.0,285.0,237.0,213.0,175.0,196.0,230.0,0
146.0,220.0,285.0,238.0,213.0,175.0,196.0,230.0,0
146.0,220.0,285.0,238.0,214.0,175.0,196.0,230.0,0
146.0,220.0,285.0,238.0,214.0,173.0,196.0,230.0,0
146.0,220.0,285.0,238.0,214.0,173.0,194.0,230.0,0
146.0,220.0,285.0,238.0,214.0,173.0,194.0,234.0,0
-
149.0,220.0,285.0,238.0,214.0,173.0,194.0,234.0,1
149.0,218.0,285.0,238.0,214.0,173.0,194.0,234.0,1
149.0,218.0,283.0,238.0,214.0,173.0,194.0,234.0,1
149.0,218.0,283.0,239.0,214.0,173.0,194.0,234.0,1
149.0,218.0,283.0,239.0,214.0,173.0,194.0,234.0,1
149.0,218.0,283.0,239.0,214.0,174.0,194.0,234.0,1
149.0,218.0,283.0,239.0,214.0,174.0,196.0,234.0,1
149.0,218.0,283.0,239.0,214.0,174.0,196.0,231.0,1
147.0,218.0,283.0,239.0,214.0,174.0,196.0,231.0,1
147.0,217.0,283.0,239.0,214.0,174.0,196.0,231.0,1
147.0,217.0,284.0,239.0,214.0,174.0,196.0,231.0,1
147.0,217.0,284.0,235.0,214.0,174.0,196.0,231.0,1
147.0,217.0,284.0,235.0,215.0,174.0,196.0,231.0,1
147.0,217.0,284.0,235.0,215.0,176.0,196.0,231.0,1
147.0,217.0,284.0,235.0,215.0,176.0,196.0,231.0,1
147.0,217.0,284.0,235.0,215.0,176.0,196.0,232.0,1
148.0,217.0,284.0,235.0,215.0,176.0,196.0,232.0,1
148.0,219.0,284.0,235.0,215.0,176.0,196.0,232.0,1
148.0,219.0,283.0,235.0,215.0,176.0,196.0,232.0,1
148.0,219.0,283.0,232.0,215.0,176.0,196.0,232.0,1
148.0,219.0,283.0,232.0,212.0,176.0,196.0,232.0,1
148.0,219.0,283.0,232.0,212.0,175.0,196.0,232.0,1
148.0,219.0,283.0,232.0,212.0,175.0,197.0,232.0,1
148.0,219.0,283.0,232.0,212.0,175.0,197.0,231.0,1
149.0,219.0,283.0,232.0,212.0,175.0,197.0,231.0,1
149.0,219.0,283.0,232.0,212.0,175.0,197.0,231.0,1
149.0,219.0,284.0,232.0,212.0,175.0,197.0,231.0,1
149.0,219.0,284.0,228.0,212.0,175.0,197.0,231.0,1
149.0,219.0,284.0,228.0,213.0,175.0,197.0,231.0,1
149.0,219.0,284.0,228.0,213.0,176.0,197.0,231.0,1
149.0,219.0,284.0,228.0,213.0,176.0,194.0,231.0,1
149.0,219.0,284.0,228.0,213.0,176.0,194.0,232.0,1
-
147.0,219.0,284.0,228.0,213.0,176.0,194.0,232.0,0
147.0,217.0,284.0,228.0,213.0,176.0,194.0,232.0,0
147.0,217.0,283.0,228.0,213.0,176.0,194.0,232.0,0
147.0,217.0,283.0,226.0,213.0,176.0,194.0,232.0,0
147.0,217.0,283.0,226.0,215.0,176.0,194.0,232.0,0
147.0,217.0,283.0,226.0,215.0,178.0,194.0,232.0,0
147.0,217.0,283.0,226.0,215.0,178.0,196.0,232.0,0
147.0,217.0,283.0,226.0,215.0,178.0,196.0,232.0,0
149.0,217.0,283.0,226.0,215.0,178.0,196.0,232.0,0
149.0,215.0,283.0,226.0,215.0,178.0,196.0,232.0,0
149.0,215.0,282.0,226.0,215.0,178.0,196.0,232.0,0
149.0,215.0,282.0,224.0,215.0,178.0,196.0,232.0,0
149.0,215.0,282.0,224.0,214.0,178.0,196.0,232.0,0
149.0,215.0,282.0,224.0,214.0,181.0,196.0,232.0,0
149.0,215.0,282.0,224.0,214.0,181.0,196.0,232.0,0
149.0,215.0,282.0,224.0,214.0,181.0,196.0,233.0,0
147.0,215.0,282.0,224.0,214.0,181.0,196.0,233.0,0
147.0,218.0,282.0,224.0,214.0,181.0,196.0,233.0,0
147.0,218.0,283.0,224.0,214.0,181.0,196.0,233.0,0
147.0,218.0,283.0,223.0,214.0,181.0,196.0,233.0,0
147.0,218.0,283.0,223.0,212.0,181.0,196.0,233.0,0
147.0,218.0,283.0,223.0,212.0,180.0,196.0,233.0,0
147.0,218.0,283.0,223.0,212.0,180.0,196.0,233.0,0
147.0,218.0,283.0,223.0,212.0,180.0,196.0,233.0,0
148.0,218.0,283.0,223.0,212.0,180.0,196.0,233.0,0
148.0,217.0,283.0,223.0,212.0,180.0,196.0,233.0,0
148.0,217.0,282.0,223.0,212.0,180.0,196.0,233.0,0
148.0,217.0,282.0,222.0,212.0,180.0,196.0,233.0,0
148.0,217.0,282.0,222.0,214.0,180.0,196.0,233.0,0
148.0,217.0,282.0,222.0,214.0,181.0,196.0,233.0,0
148.0,217.0,282.0,222.0,214.0,181.0,195.0,233.0,0
148.0,217.0,282.0,222.0,214.0,181.0,195.0,233.0,0
-
147.0,217.0,282.0,222.0,214.0,181.0,195.0,233.0,1
147.0,216.0,282.0,222.0,214.0,181.0,195.0,233.0,1
147.0,216.0,282.0,222.0,214.0,181.0,195.0,233.0,1
147.0,216.0,282.0,222.0,214.0,181.0,195.0,233.0,1
147.0,216.0,282.0,222.0,214.0,181.0,195.0,233.0,1
147.0,216.0,282.0,222.0,214.0,181.0,195.0,233.0,1
147.0,216.0,282.0,222.0,214.0,181.0,195.0,233.0,1
147.0,216.0,282.0,222.0,214.0,181.0,195.0,234.0,1
149.0,216.0,282.0,222.0,214.0,181.0,195.0,234.0,1
149.0,215.0,282.0,222.0,214.0,181.0,195.0,234.0,1
149.0,215.0,281.0,222.0,214.0,181.0,195.0,234.0,1
149.0,215.0,281.0,222.0,214.0,181.0,195.0,234.0,1
149.0,215.0,281.0,222.0,214.0,181.0,195.0,234.0,1
149.0,215.0,281.0,222.0,214.0,181.0,195.0,234.0,1
149.0,215.0,281.0,222.0,214.0,181.0,197.0,234.0,1
149.0,215.0,281.0,222.0,214.0,181.0,197.0,235.0,1
148.0,215.0,281.0,222.0,214.0,181.0,197.0,235.0,1
148.0,217.0,281.0,222.0,214.0,181.0,197.0,235.0,1
148.0,217.0,282.0,222.0,214.0,181.0,197.0,235.0,1
148.0,217.0,282.0,223.0,214.0,181.0,197.0,235.0,1
148.0,217.0,282.0,223.0,212.0,181.0,197.0,235.0,1
148.0,217.0,282.0,223.0,212.0,180.0,197.0,235.0,1
148.0,217.0,282.0,223.0,212.0,180.0,197.0,235.0,1
148.0,217.0,282.0,223.0,212.0,180.0,197.0,237.0,1
149.0,217.0,282.0,223.0,212.0,180.0,197.0,237.0,1
149.0,215.0,282.0,223.0,212.0,180.0,197.0,237.0,1
149.0,215.0,282.0,223.0,212.0,180.0,197.0,237.0,1
149.0,215.0,282.0,223.0,212.0,180.0,197.0,237.0,1
149.0,215.0,282.0,223.0,214.0,180.0,197.0,237.0,1
149.0,215.0,282.0,223.0,214.0,180.0,197.0,237.0,1
149.0,215.0,282.0,223.0,214.0,180.0,194.0,237.0,1
149.0,215.0,282.0,223.0,214.0,180.0,194.0,237.0,1
-
147.0,215.0,282.0,223.0,214.0,180.0,194.0,237.0,2
147.0,216.0,282.0,223.0,214.0,180.0,194.0,237.0,2
147.0,216.0,282.0,223.0,214.0,180.0,194.0,237.0,2
147.0,216.0,282.0,224.0,214.0,180.0,194.0,237.0,2
147.0,216.0,282.0,224.0,215.0,180.0,194.0,237.0,2
147.0,216.0,282.0,224.0,215.0,180.0,194.0,237.0,2
147.0,216.0,282.0,224.0,215.0,180.0,196.0,237.0,2
147.0,216.0,282.0,224.0,215.0,180.0,196.0,239.0,2
149.0,216.0,282.0,224.0,215.0,180.0,196.0,239.0,2
149.0,217.0,282.0,224.0,215.0,180.0,196.0,239.0,2
149.0,217.0,279.0,224.0,215.0,180.0,196.0,239.0,2
149.0,217.0,279.0,224.0,215.0,180.0,196.0,239.0,2
149.0,217.0,279.0,224.0,213.0,180.0,196.0,239.0,2
149.0,217.0,279.0,224.0,213.0,177.0,196.0,239.0,2
149.0,217.0,279.0,224.0,213.0,177.0,196.0,239.0,2
149.0,217.0,279.0,224.0,213.0,177.0,196.0,240.0,2
148.0,217.0,279.0,224.0,213.0,177.0,196.0,240.0,2
148.0,218.0,279.0,224.0,213.0,177.0,196.0,240.0,2
148.0,218.0,281.0,224.0,213.0,177.0,196.0,240.0,2
148.0,218.0,281.0,221.0,213.0,177.0,196.0,240.0,2
148.0,218.0,281.0,221.0,211.0,177.0,196.0,240.0,2
148.0,218.0,281.0,221.0,211.0,177.0,196.0,240.0,2
148.0,218.0,281.0,221.0,211.0,177.0,195.0,240.0,2
148.0,218.0,281.0,221.0,211.0,177.0,195.0,242.0,2
149.0,218.0,281.0,221.0,211.0,177.0,195.0,242.0,2
149.0,217.0,281.0,221.0,211.0,177.0,195.0,242.0,2
149.0,217.0,282.0,221.0,211.0,177.0,195.0,242.0,2
149.0,217.0,282.0,222.0,211.0,177.0,195.0,242.0,2
149.0,217.0,282.0,222.0,213.0,177.0,195.0,242.0,2
149.0,217.0,282.0,222.0,213.0,178.0,195.0,242.0,2
149.0,217.0,282.0,222.0,213.0,178.0,195.0,242.0,2
149.0,217.0,282.0,222.0,213.0,178.0,195.0,242.0,2
-
148.0,217.0,282.0,222.0,213.0,178.0,195.0,242.0,3
148.0,218.0,282.0,222.0,213.0,178.0,195.0,242.0,3
148.0,218.0,281.0,222.0,213.0,178.0,195.0,242.0,3
148.0,218.0,281.0,221.0,213.0,178.0,195.0,242.0,3
148.0,218.0,281.0,221.0,213.0,178.0,195.0,242.0,3
148.0,218.0,281.0,221.0,213.0,175.0,195.0,242.0,3
148.0,218.0,281.0,221.0,213.0,175.0,194.0,242.0,3
148.0,218.0,281.0,221.0,213.0,175.0,194.0,244.0,3
151.0,218.0,281.0,221.0,213.0,175.0,194.0,244.0,3
151.0,219.0,281.0,221.0,213.0,175.0,194.0,244.0,3
151.0,219.0,280.0,221.0,213.0,175.0,194.0,244.0,3
151.0,219.0,280.0,222.0,213.0,175.0,194.0,244.0,3
151.0,219.0,280.0,222.0,213.0,175.0,194.0,244.0,3
151.0,219.0,280.0,222.0,213.0,176.0,194.0,244.0,3
151.0,219.0,280.0,222.0,213.0,176.0,192.0,244.0,3
151.0,219.0,280.0,222.0,213.0,176.0,192.0,244.0,3
151.0,219.0,280.0,222.0,213.0,176.0,192.0,244.0,3
151.0,220.0,280.0,222.0,213.0,176.0,192.0,244.0,3
151.0,220.0,282.0,222.0,213.0,176.0,192.0,244.0,3
151.0,220.0,282.0,225.0,213.0,176.0,192.0,244.0,3
151.0,220.0,282.0,225.0,213.0,176.0,192.0,244.0,3
151.0,220.0,282.0,225.0,213.0,173.0,192.0,244.0,3
151.0,220.0,282.0,225.0,213.0,173.0,192.0,244.0,3
151.0,220.0,282.0,225.0,213.0,173.0,192.0,246.0,3
152.0,220.0,282.0,225.0,213.0,173.0,192.0,246.0,3
152.0,218.0,282.0,225.0,213.0,173.0,192.0,246.0,3
152.0,218.0,283.0,225.0,213.0,173.0,192.0,246.0,3
152.0,218.0,283.0,224.0,213.0,173.0,192.0,246.0,3
152.0,218.0,283.0,224.0,214.0,173.0,192.0,246.0,3
152.0,218.0,283.0,224.0,214.0,174.0,192.0,246.0,3
152.0,218.0,283.0,224.0,214.0,174.0,190.0,246.0,3
152.0,218.0,283.0,224.0,214.0,174.0,190.0,246.0,3
-
151.0,218.0,283.0,224.0,214.0,174.0,190.0,246.0,2
151.0,217.0,283.0,224.0,214.0,174.0,190.0,246.0,2
151.0,217.0,281.0,224.0,214.0,174.0,190.0,246.0,2
151.0,217.0,281.0,224.0,214.0,174.0,190.0,246.0,2
151.0,217.0,281.0,224.0,215.0,174.0,190.0,246.0,2
151.0,217.0,281.0,224.0,215.0,175.0,190.0,246.0,2
151.0,217.0,281.0,224.0,215.0,175.0,190.0,246.0,2
151.0,217.0,281.0,224.0,215.0,175.0,190.0,247.0,2
153.0,217.0,281.0,224.0,215.0,175.0,190.0,247.0,2
153.0,218.0,281.0,224.0,215.0,175.0,190.0,247.0,2
153.0,218.0,281.0,224.0,215.0,175.0,190.0,247.0,2
153.0,218.0,281.0,224.0,215.0,175.0,190.0,247.0,2
153.0,218.0,281.0,224.0,213.0,175.0,190.0,247.0,2
153.0,218.0,281.0,224.0,213.0,174.0,190.0,247.0,2
153.0,218.0,281.0,224.0,213.0,174.0,189.0,247.0,2
153.0,218.0,281.0,224.0,213.0,174.0,189.0,247.0,2
153.0,218.0,281.0,224.0,213.0,174.0,189.0,247.0,2
153.0,220.0,281.0,224.0,213.0,174.0,189.0,247.0,2
153.0,220.0,282.0,224.0,213.0,174.0,189.0,247.0,2
153.0,220.0,282.0,226.0,213.0,174.0,189.0,247.0,2
153.0,220.0,282.0,226.0,214.0,174.0,189.0,247.0,2
153.0,220.0,282.0,226.0,214.0,173.0,189.0,247.0,2
153.0,220.0,282.0,226.0,214.0,173.0,189.0,247.0,2
153.0,220.0,282.0,226.0,214.0,173.0,189.0,246.0,2
154.0,220.0,282.0,226.0,214.0,173.0,189.0,246.0,2
154.0,218.0,282.0,226.0,214.0,173.0,189.0,246.0,2
154.0,218.0,283.0,226.0,214.0,173.0,189.0,246.0,2
154.0,218.0,283.0,225.0,214.0,173.0,189.0,246.0,2
154.0,218.0,283.0,225.0,214.0,173.0,189.0,246.0,2
154.0,218.0,283.0,225.0,214.0,173.0,189.0,246.0,2
154.0,218.0,283.0,225.0,214.0,173.0,190.0,246.0,2
154.0,218.0,283.0,225.0,214.0,173.0,190.0,245.0,2
-
153.0,218.0,283.0,225.0,214.0,173.0,190.0,245.0,3
153.0,218.0,283.0,225.0,214.0,173.0,190.0,245.0,3
153.0,218.0,282.0,225.0,214.0,173.0,190.0,245.0,3
153.0,218.0,282.0,224.0,214.0,173.0,190.0,245.0,3
153.0,218.0,282.0,224.0,212.0,173.0,190.0,245.0,3
153.0,218.0,282.0,224.0,212.0,172.0,190.0,245.0,3
153.0,218.0,282.0,224.0,212.0,172.0,189.0,245.0,3
153.0,218.0,282.0,224.0,212.0,172.0,189.0,248.0,3
155.0,218.0,282.0,224.0,212.0,172.0,189.0,248.0,3
155.0,219.0,282.0,224.0,212.0,172.0,189.0,248.0,3
155.0,219.0,282.0,224.0,212.0,172.0,189.0,248.0,3
155.0,219.0,282.0,222.0,212.0,172.0,189.0,248.0,3
155.0,219.0,282.0,222.0,212.0,172.0,189.0,248.0,3
155.0,219.0,282.0,222.0,212.0,172.0,189.0,248.0,3
155.0,219.0,282.0,222.0,212.0,172.0,190.0,248.0,3
155.0,219.0,282.0,222.0,212.0,172.0,190.0,248.0,3
154.0,219.0,282.0,222.0,212.0,172.0,190.0,248.0,3
154.0,219.0,282.0,222.0,212.0,172.0,190.0,248.0,3
154.0,219.0,283.0,222.0,212.0,172.0,190.0,248.0,3
154.0,219.0,283.0,223.0,212.0,172.0,190.0,248.0,3
154.0,219.0,283.0,223.0,213.0,172.0,190.0,248.0,3
154.0,219.0,283.0,223.0,213.0,168.0,190.0,248.0,3
154.0,219.0,283.0,223.0,213.0,168.0,189.0,248.0,3
154.0,219.0,283.0,223.0,213.0,168.0,189.0,247.0,3
153.0,219.0,283.0,223.0,213.0,168.0,189.0,247.0,3
153.0,220.0,283.0,223.0,213.0,168.0,189.0,247.0,3
153.0,220.0,282.0,223.0,213.0,168.0,189.0,247.0,3
153.0,220.0,282.0,223.0,213.0,168.0,189.0,247.0,3
153.0,220.0,282.0,223.0,213.0,168.0,189.0,247.0,3
153.0,220.0,282.0,223.0,213.0,170.0,189.0,247.0,3
153.0,220.0,282.0,223.0,213.0,170.0,191.0,247.0,3
153.0,220.0,282.0,223.0,213.0,170.0,191.0,246.0,3
-
155.0,220.0,282.0,223.0,213.0,170.0,191.0,246.0,2
155.0,218.0,282.0,223.0,213.0,170.0,191.0,246.0,2
155.0,218.0,281.0,223.0,213.0,170.0,191.0,246.0,2
155.0,218.0,281.0,225.0,213.0,170.0,191.0,246.0,2
155.0,218.0,281.0,225.0,213.0,170.0,191.0,246.0,2
155.0,218.0,281.0,225.0,213.0,168.0,191.0,246.0,2
155.0,218.0,281.0,225.0,213.0,168.0,191.0,246.0,2
155.0,218.0,281.0,225.0,213.0,168.0,191.0,247.0,2
154.0,218.0,281.0,225.0,213.0,168.0,191.0,247.0,2
154.0,218.0,281.0,225.0,213.0,168.0,191.0,247.0,2
154.0,218.0,280.0,225.0,213.0,168.0,191.0,247.0,2
154.0,218.0,280.0,223.0,213.0,168.0,191.0,247.0,2
154.0,218.0,280.0,223.0,212.0,168.0,191.0,247.0,2
154.0,218.0,280.0,223.0,212.0,166.0,191.0,247.0,2
154.0,218.0,280.0,223.0,212.0,166.0,193.0,247.0,2
154.0,218.0,280.0,223.0,212.0,166.0,193.0,248.0,2
155.0,218.0,280.0,223.0,212.0,166.0,193.0,248.0,2
155.0,220.0,280.0,223.0,212.0,166.0,193.0,248.0,2
155.0,220.0,281.0,223.0,212.0,166.0,193.0,248.0,2
155.0,220.0,281.0,225.0,212.0,166.0,193.0,248.0,2
155.0,220.0,281.0,225.0,212.0,166.0,193.0,248.0,2
155.0,220.0,281.0,225.0,212.0,165.0,193.0,248.0,2
155.0,220.0,281.0,225.0,212.0,165.0,190.0,248.0,2
155.0,220.0,281.0,225.0,212.0,165.0,190.0,249.0,2
153.0,220.0,281.0,225.0,212.0,165.0,190.0,249.0,2
153.0,220.0,281.0,225.0,212.0,165.0,190.0,249.0,2
153.0,220.0,280.0,225.0,212.0,165.0,190.0,249.0,2
153.0,220.0,280.0,224.0,212.0,165.0,190.0,249.0,2
153.0,220.0,280.0,224.0,212.0,165.0,190.0,249.0,2
153.0,220.0,280.0,224.0,212.0,164.0,190.0,249.0,2
153.0,220.0,280.0,224.0,212.0,164.0,193.0,249.0,2
153.0,220.0,280.0,224.0,212.0,164.0,193.0,249.0,2
-
156.0,220.0,280.0,224.0,212.0,164.0,193.0,249.0,3
156.0,219.0,280.0,224.0,212.0,164.0,193.0,249.0,3
156.0,219.0,279.0,224.0,212.0,164.0,193.0,249.0,3
156.0,219.0,279.0,225.0,212.0,164.0,193.0,249.0,3
156.0,219.0,279.0,225.0,212.0,164.0,193.0,249.0,3
156.0,219.0,279.0,225.0,212.0,162.0,193.0,249.0,3
156.0,219.0,279.0,225.0,212.0,162.0,193.0,249.0,3
156.0,219.0,279.0,225.0,212.0,162.0,193.0,250.0,3
154.0,219.0,279.0,225.0,212.0,162.0,193.0,250.0,3
154.0,218.0,279.0,225.0,212.0,162.0,193.0,250.0,3
154.0,218.0,281.0,225.0,212.0,162.0,193.0,250.0,3
154.0,218.0,281.0,223.0,212.0,162.0,193.0,250.0,3
154.0,218.0,281.0,223.0,210.0,162.0,193.0,250.0,3
154.0,218.0,281.0,223.0,210.0,162.0,193.0,250.0,3
154.0,218.0,281.0,223.0,210.0,162.0,194.0,250.0,3
154.0,218.0,281.0,223.0,210.0,162.0,194.0,251.0,3
154.0,218.0,281.0,223.0,210.0,162.0,194.0,251.0,3
154.0,219.0,281.0,223.0,210.0,162.0,194.0,251.0,3
154.0,219.0,280.0,223.0,210.0,162.0,194.0,251.0,3
154.0,219.0,280.0,225.0,210.0,162.0,194.0,251.0,3
154.0,219.0,280.0,225.0,211.0,162.0,194.0,251.0,3
154.0,219.0,280.0,225.0,211.0,164.0,194.0,251.0,3
154.0,219.0,280.0,225.0,211.0,164.0,193.0,251.0,3
154.0,219.0,280.0,225.0,211.0,164.0,193.0,250.0,3
154.0,219.0,280.0,225.0,211.0,164.0,193.0,250.0,3
154.0,219.0,280.0,225.0,211.0,164.0,193.0,250.0,3
154.0,219.0,281.0,225.0,211.0,164.0,193.0,250.0,3
154.0,219.0,281.0,222.0,211.0,164.0,193.0,250.0,3
154.0,219.0,281.0,222.0,212.0,164.0,193.0,250.0,3
154.0,219.0,281.0,222.0,212.0,162.0,193.0,250.0,3
154.0,219.0,281.0,222.0,212.0,162.0,196.0,250.0,3
154.0,219.0,281.0,222.0,212.0,162.0,196.0,250.0,3
-
156.0,219.0,281.0,222.0,212.0,162.0,196.0,250.0,2
156.0,219.0,281.0,222.0,212.0,162.0,196.0,250.0,2
156.0,219.0,279.0,222.0,212.0,162.0,196.0,250.0,2
156.0,219.0,279.0,223.0,212.0,162.0,196.0,250.0,2
156.0,219.0,279.0,223.0,211.0,162.0,196.0,250.0,2
156.0,219.0,279.0,223.0,211.0,160.0,196.0,250.0,2
156.0,219.0,279.0,223.0,211.0,160.0,196.0,250.0,2
156.0,219.0,279.0,223.0,211.0,160.0,196.0,251.0,2
155.0,219.0,279.0,223.0,211.0,160.0,196.0,251.0,2
155.0,221.0,279.0,223.0,211.0,160.0,196.0,251.0,2
155.0,221.0,280.0,223.0,211.0,160.0,196.0,251.0,2
155.0,221.0,280.0,223.0,211.0,160.0,196.0,251.0,2
155.0,221.0,280.0,223.0,210.0,160.0,196.0,251.0,2
155.0,221.0,280.0,223.0,210.0,159.0,196.0,251.0,2
155.0,221.0,280.0,223.0,210.0,159.0,196.0,251.0,2
155.0,221.0,280.0,223.0,210.0,159.0,196.0,252.0,2
155.0,221.0,280.0,223.0,210.0,159.0,196.0,252.0,2
155.0,221.0,280.0,223.0,210.0,159.0,196.0,252.0,2
155.0,221.0,281.0,223.0,210.0,159.0,196.0,252.0,2
155.0,221.0,281.0,221.0,210.0,159.0,196.0,252.0,2
155.0,221.0,281.0,221.0,210.0,159.0,196.0,252.0,2
155.0,221.0,281.0,221.0,210.0,158.0,196.0,252.0,2
155.0,221.0,281.0,221.0,210.0,158.0,197.0,252.0,2
155.0,221.0,281.0,221.0,210.0,158.0,197.0,251.0,2
155.0,221.0,281.0,221.0,210.0,158.0,197.0,251.0,2
155.0,219.0,281.0,221.0,210.0,158.0,197.0,251.0,2
155.0,219.0,281.0,221.0,210.0,158.0,197.0,251.0,2
155.0,219.0,281.0,220.0,210.0,158.0,197.0,251.0,2
155.0,219.0,281.0,220.0,211.0,158.0,197.0,251.0,2
155.0,219.0,281.0,220.0,211.0,156.0,197.0,251.0,2
155.0,219.0,281.0,220.0,211.0,156.0,198.0,251.0,2
155.0,219.0,281.0,220.0,211.0,156.0,198.0,253.0,2
-
158.0,219.0,281.0,220.0,211.0,156.0,198.0,253.0,2
158.0,223.0,281.0,220.0,211.0,156.0,198.0,253.0,2
158.0,223.0,279.0,220.0,211.0,156.0,198.0,253.0,2
158.0,223.0,279.0,219.0,211.0,156.0,198.0,253.0,2
158.0,223.0,279.0,219.0,210.0,156.0,198.0,253.0,2
158.0,223.0,279.0,219.0,210.0,155.0,198.0,253.0,2
158.0,223.0,279.0,219.0,210.0,155.0,199.0,253.0,2
158.0,223.0,279.0,219.0,210.0,155.0,199.0,252.0,2
157.0,223.0,279.0,219.0,210.0,155.0,199.0,252.0,2
157.0,222.0,279.0,219.0,210.0,155.0,199.0,252.0,2
157.0,222.0,281.0,219.0,210.0,155.0,199.0,252.0,2
157.0,222.0,281.0,221.0,210.0,155.0,199.0,252.0,2
157.0,222.0,281.0,221.0,208.0,155.0,199.0,252.0,2
157.0,222.0,281.0,221.0,208.0,154.0,199.0,252.0,2
157.0,222.0,281.0,221.0,208.0,154.0,198.0,252.0,2
157.0,222.0,281.0,221.0,208.0,154.0,198.0,254.0,2
158.0,222.0,281.0,221.0,208.0,154.0,198.0,254.0,2
158.0,221.0,281.0,221.0,208.0,154.0,198.0,254.0,2
158.0,221.0,281.0,221.0,208.0,154.0,198.0,254.0,2
158.0,221.0,281.0,218.0,208.0,154.0,198.0,254.0,2
158.0,221.0,281.0,218.0,210.0,154.0,198.0,254.0,2
158.0,221.0,281.0,218.0,210.0,155.0,198.0,254.0,2
158.0,221.0,281.0,218.0,210.0,155.0,199.0,254.0,2
158.0,221.0,281.0,218.0,210.0,155.0,199.0,251.0,2
157.0,221.0,281.0,218.0,210.0,155.0,199.0,251.0,2
157.0,220.0,281.0,218.0,210.0,155.0,199.0,251.0,2
157.0,220.0,282.0,218.0,210.0,155.0,199.0,251.0,2
157.0,220.0,282.0,221.0,210.0,155.0,199.0,251.0,2
157.0,220.0,282.0,221.0,207.0,155.0,199.0,251.0,2
157.0,220.0,282.0,221.0,207.0,153.0,199.0,251.0,2
157.0,220.0,282.0,221.0,207.0,153.0,199.0,251.0,2
157.0,220.0,282.0,221.0,207.0,153.0,199.0,254.0,2
-
159.0,220.0,282.0,221.0,207.0,153.0,199.0,254.0,3
159.0,221.0,282.0,221.0,207.0,153.0,199.0,254.0,3
159.0,221.0,281.0,221.0,207.0,153.0,199.0,254.0,3
159.0,221.0,281.0,221.0,207.0,153.0,199.0,254.0,3
159.0,221.0,281.0,221.0,209.0,153.0,199.0,254.0,3
159.0,221.0,281.0,221.0,209.0,154.0,199.0,254.0,3
159.0,221.0,281.0,221.0,209.0,154.0,198.0,254.0,3
159.0,221.0,281.0,221.0,209.0,154.0,198.0,252.0,3
158.0,221.0,281.0,221.0,209.0,154.0,198.0,252.0,3
158.0,220.0,281.0,221.0,209.0,154.0,198.0,252.0,3
158.0,220.0,280.0,221.0,209.0,154.0,198.0,252.0,3
158.0,220.0,280.0,224.0,209.0,154.0,198.0,252.0,3
158.0,220.0,280.0,224.0,209.0,154.0,198.0,252.0,3
158.0,220.0,280.0,224.0,209.0,152.0,198.0,252.0,3
158.0,220.0,280.0,224.0,209.0,152.0,198.0,252.0,3
158.0,220.0,280.0,224.0,209.0,152.0,198.0,253.0,3
157.0,220.0,280.0,224.0,209.0,152.0,198.0,253.0,3
157.0,220.0,280.0,224.0,209.0,152.0,198.0,253.0,3
157.0,220.0,282.0,224.0,209.0,152.0,198.0,253.0,3
157.0,220.0,282.0,225.0,209.0,152.0,198.0,253.0,3
157.0,220.0,282.0,225.0,210.0,152.0,198.0,253.0,3
157.0,220.0,282.0,225.0,210.0,154.0,198.0,253.0,3
157.0,220.0,282.0,225.0,210.0,154.0,196.0,253.0,3
157.0,220.0,282.0,225.0,210.0,154.0,196.0,251.0,3
156.0,220.0,282.0,225.0,210.0,154.0,196.0,251.0,3
156.0,220.0,282.0,225.0,210.0,154.0,196.0,251.0,3
156.0,220.0,281.0,225.0,210.0,154.0,196.0,251.0,3
156.0,220.0,281.0,228.0,210.0,154.0,196.0,251.0,3
156.0,220.0,281.0,228.0,211.0,154.0,196.0,251.0,3
156.0,220.0,281.0,228.0,211.0,154.0,196.0,251.0,3
156.0,220.0,281.0,228.0,211.0,154.0,197.0,251.0,3
156.0,220.0,281.0,228.0,211.0,154.0,197.0,252.0,3
-
159.0,220.0,281.0,228.0,211.0,154.0,197.0,252.0,2
159.0,220.0,281.0,228.0,211.0,154.0,197.0,252.0,2
159.0,220.0,281.0,228.0,211.0,154.0,197.0,252.0,2
159.0,220.0,281.0,227.0,211.0,154.0,197.0,252.0,2
159.0,220.0,281.0,227.0,209.0,154.0,197.0,252.0,2
159.0,220.0,281.0,227.0,209.0,154.0,197.0,252.0,2
159.0,220.0,281.0,227.0,209.0,154.0,195.0,252.0,2
159.0,220.0,281.0,227.0,209.0,154.0,195.0,251.0,2
159.0,220.0,281.0,227.0,209.0,154.0,195.0,251.0,2
159.0,221.0,281.0,227.0,209.0,154.0,195.0,251.0,2
159.0,221.0,282.0,227.0,209.0,154.0,195.0,251.0,2
159.0,221.0,282.0,233.0,209.0,154.0,195.0,251.0,2
159.0,221.0,282.0,233.0,212.0,154.0,195.0,251.0,2
159.0,221.0,282.0,233.0,212.0,153.0,195.0,251.0,2
159.0,221.0,282.0,233.0,212.0,153.0,194.0,251.0,2
159.0,221.0,282.0,233.0,212.0,153.0,194.0,251.0,2
156.0,221.0,282.0,233.0,212.0,153.0,194.0,251.0,2
156.0,221.0,282.0,233.0,212.0,153.0,194.0,251.0,2
156.0,221.0,280.0,233.0,212.0,153.0,194.0,251.0,2
156.0,221.0,280.0,232.0,212.0,153.0,194.0,251.0,2
156.0,221.0,280.0,232.0,213.0,153.0,194.0,251.0,2
156.0,221.0,280.0,232.0,213.0,154.0,194.0,251.0,2
156.0,221.0,280.0,232.0,213.0,154.0,196.0,251.0,2
156.0,221.0,280.0,232.0,213.0,154.0,196.0,250.0,2
157.0,221.0,280.0,232.0,213.0,154.0,196.0,250.0,2
157.0,218.0,280.0,232.0,213.0,154.0,196.0,250.0,2
157.0,218.0,281.0,232.0,213.0,154.0,196.0,250.0,2
157.0,218.0,281.0,232.0,213.0,154.0,196.0,250.0,2
157.0,218.0,281.0,232.0,213.0,154.0,196.0,250.0,2
157.0,218.0,281.0,232.0,213.0,155.0,196.0,250.0,2
157.0,218.0,281.0,232.0,213.0,155.0,194.0,250.0,2
157.0,218.0,281.0,232.0,213.0,155.0,194.0,251.0,2
-
158.0,218.0,281.0,232.0,213.0,155.0,194.0,251.0,3
158.0,219.0,281.0,232.0,213.0,155.0,194.0,251.0,3
158.0,219.0,280.0,232.0,213.0,155.0,194.0,251.0,3
158.0,219.0,280.0,229.0,213.0,155.0,194.0,251.0,3
158.0,219.0,280.0,229.0,211.0,155.0,194.0,251.0,3
158.0,219.0,280.0,229.0,211.0,156.0,194.0,251.0,3
158.0,219.0,280.0,229.0,211.0,156.0,195.0,251.0,3
158.0,219.0,280.0,229.0,211.0,156.0,195.0,252.0,3
158.0,219.0,280.0,229.0,211.0,156.0,195.0,252.0,3
158.0,219.0,280.0,229.0,211.0,156.0,195.0,252.0,3
158.0,219.0,280.0,229.0,211.0,156.0,195.0,252.0,3
158.0,219.0,280.0,226.0,211.0,156.0,195.0,252.0,3
158.0,219.0,280.0,226.0,212.0,156.0,195.0,252.0,3
158.0,219.0,280.0,226.0,212.0,155.0,195.0,252.0,3
158.0,219.0,280.0,226.0,212.0,155.0,193.0,252.0,3
158.0,219.0,280.0,226.0,212.0,155.0,193.0,252.0,3
157.0,219.0,280.0,226.0,212.0,155.0,193.0,252.0,3
157.0,220.0,280.0,226.0,212.0,155.0,193.0,252.0,3
157.0,220.0,280.0,226.0,212.0,155.0,193.0,252.0,3
157.0,220.0,280.0,224.0,212.0,155.0,193.0,252.0,3
157.0,220.0,280.0,224.0,211.0,155.0,193.0,252.0,3
157.0,220.0,280.0,224.0,211.0,155.0,193.0,252.0,3
157.0,220.0,280.0,224.0,211.0,155.0,196.0,252.0,3
157.0,220.0,280.0,224.0,211.0,155.0,196.0,251.0,3
159.0,220.0,280.0,224.0,211.0,155.0,196.0,251.0,3
159.0,218.0,280.0,224.0,211.0,155.0,196.0,251.0,3
159.0,218.0,279.0,224.0,211.0,155.0,196.0,251.0,3
159.0,218.0,279.0,223.0,211.0,155.0,196.0,251.0,3
159.0,218.0,279.0,223.0,209.0,155.0,196.0,251.0,3
159.0,218.0,279.0,223.0,209.0,155.0,196.0,251.0,3
159.0,218.0,279.0,223.0,209.0,155.0,196.0,251.0,3
159.0,218.0,279.0,223.0,209.0,155.0,196.0,253.0,3
-
158.0,218.0,279.0,223.0,209.0,155.0,196.0,253.0,2
158.0,219.0,279.0,223.0,209.0,155.0,196.0,253.0,2
158.0,219.0,280.0,223.0,209.0,155.0,196.0,253.0,2
158.0,219.0,280.0,221.0,209.0,155.0,196.0,253.0,2
158.0,219.0,280.0,221.0,209.0,155.0,196.0,253.0,2
158.0,219.0,280.0,221.0,209.0,156.0,196.0,253.0,2
158.0,219.0,280.0,221.0,209.0,156.0,196.0,253.0,2
158.0,219.0,280.0,221.0,209.0,156.0,196.0,251.0,2
158.0,219.0,280.0,221.0,209.0,156.0,196.0,251.0,2
158.0,221.0,280.0,221.0,209.0,156.0,196.0,251.0,2
158.0,221.0,280.0,221.0,209.0,156.0,196.0,251.0,2
158.0,221.0,280.0,220.0,209.0,156.0,196.0,251.0,2
158.0,221.0,280.0,220.0,210.0,156.0,196.0,251.0,2
158.0,221.0,280.0,220.0,210.0,157.0,196.0,251.0,2
158.0,221.0,280.0,220.0,210.0,157.0,196.0,251.0,2
158.0,221.0,280.0,220.0,210.0,157.0,196.0,252.0,2
156.0,221.0,280.0,220.0,210.0,157.0,196.0,252.0,2
156.0,219.0,280.0,220.0,210.0,157.0,196.0,252.0,2
156.0,219.0,281.0,220.0,210.0,157.0,196.0,252.0,2
156.0,219.0,281.0,220.0,210.0,157.0,196.0,252.0,2
156.0,219.0,281.0,220.0,211.0,157.0,196.0,252.0,2
156.0,219.0,281.0,220.0,211.0,156.0,196.0,252.0,2
156.0,219.0,281.0,220.0,211.0,156.0,197.0,252.0,2
156.0,219.0,281.0,220.0,211.0,156.0,197.0,251.0,2
158.0,219.0,281.0,220.0,211.0,156.0,197.0,251.0,2
158.0,219.0,281.0,220.0,211.0,156.0,197.0,251.0,2
158.0,219.0,279.0,220.0,211.0,156.0,197.0,251.0,2
158.0,219.0,279.0,220.0,211.0,156.0,197.0,251.0,2
158.0,219.0,279.0,220.0,210.0,156.0,197.0,251.0,2
158.0,219.0,279.0,220.0,210.0,156.0,197.0,251.0,2
158.0,219.0,279.0,220.0,210.0,156.0,199.0,251.0,2
158.0,219.0,279.0,220.0,210.0,156.0,199.0,251.0,2
-
157.0,219.0,279.0,220.0,210.0,156.0,199.0,251.0,3
157.0,220.0,279.0,220.0,210.0,156.0,199.0,251.0,3
157.0,220.0,281.0,220.0,210.0,156.0,199.0,251.0,3
157.0,220.0,281.0,221.0,210.0,156.0,199.0,251.0,3
157.0,220.0,281.0,221.0,208.0,156.0,199.0,251.0,3
157.0,220.0,281.0,221.0,208.0,156.0,199.0,251.0,3
157.0,220.0,281.0,221.0,208.0,156.0,198.0,251.0,3
157.0,220.0,281.0,221.0,208.0,156.0,198.0,253.0,3
158.0,220.0,281.0,221.0,208.0,156.0,198.0,253.0,3
158.0,220.0,281.0,221.0,208.0,156.0,198.0,253.0,3
158.0,220.0,280.0,221.0,208.0,156.0,198.0,253.0,3
158.0,220.0,280.0,221.0,208.0,156.0,198.0,253.0,3
158.0,220.0,280.0,221.0,210.0,156.0,198.0,253.0,3
158.0,220.0,280.0,221.0,210.0,156.0,198.0,253.0,3
158.0,220.0,280.0,221.0,210.0,156.0,195.0,253.0,3
158.0,220.0,280.0,221.0,210.0,156.0,195.0,251.0,3
157.0,220.0,280.0,221.0,210.0,156.0,195.0,251.0,3
157.0,219.0,280.0,221.0,210.0,156.0,195.0,251.0,3
157.0,219.0,280.0,221.0,210.0,156.0,195.0,251.0,3
157.0,219.0,280.0,223.0,210.0,156.0,195.0,251.0,3
157.0,219.0,280.0,223.0,211.0,156.0,195.0,251.0,3
157.0,219.0,280.0,223.0,211.0,156.0,195.0,251.0,3
157.0,219.0,280.0,223.0,211.0,156.0,198.0,251.0,3
157.0,219.0,280.0,223.0,211.0,156.0,198.0,252.0,3
159.0,219.0,280.0,223.0,211.0,156.0,198.0,252.0,3
159.0,219.0,280.0,223.0,211.0,156.0,198.0,252.0,3
159.0,219.0,279.0,223.0,211.0,156.0,198.0,252.0,3
159.0,219.0,279.0,222.0,211.0,156.0,198.0,252.0,3
159.0,219.0,279.0,222.0,211.0,156.0,198.0,252.0,3
159.0,219.0,279.0,222.0,211.0,155.0,198.0,252.0,3
159.0,219.0,279.0,222.0,211.0,155.0,197.0,252.0,3
159.0,219.0,279.0,222.0,211.0,155.0,197.0,251.0,3
-
157.0,219.0,279.0,222.0,211.0,155.0,197.0,251.0,4
157.0,220.0,279.0,222.0,211.0,155.0,197.0,251.0,4
157.0,220.0,281.0,222.0,211.0,155.0,197.0,251.0,4
157.0,220.0,281.0,223.0,211.0,155.0,197.0,251.0,4
157.0,220.0,281.0,223.0,209.0,155.0,197.0,251.0,4
157.0,220.0,281.0,223.0,209.0,154.0,197.0,251.0,4
157.0,220.0,281.0,223.0,209.0,154.0,199.0,251.0,4
157.0,220.0,281.0,223.0,209.0,154.0,199.0,253.0,4
156.0,220.0,281.0,223.0,209.0,154.0,199.0,253.0,4
156.0,219.0,281.0,223.0,209.0,154.0,199.0,253.0,4
156.0,219.0,281.0,223.0,209.0,154.0,199.0,253.0,4
156.0,219.0,281.0,221.0,209.0,154.0,199.0,253.0,4
156.0,219.0,281.0,221.0,210.0,154.0,199.0,253.0,4
156.0,219.0,281.0,221.0,210.0,156.0,199.0,253.0,4
156.0,219.0,281.0,221.0,210.0,156.0,196.0,253.0,4
156.0,219.0,281.0,221.0,210.0,156.0,196.0,251.0,4
157.0,219.0,281.0,221.0,210.0,156.0,196.0,251.0,4
157.0,220.0,281.0,221.0,210.0,156.0,196.0,251.0,4
157.0,220.0,280.0,221.0,210.0,156.0,196.0,251.0,4
157.0,220.0,280.0,224.0,210.0,156.0,196.0,251.0,4
157.0,220.0,280.0,224.0,211.0,156.0,196.0,251.0,4
157.0,220.0,280.0,224.0,211.0,156.0,196.0,251.0,4
157.0,220.0,280.0,224.0,211.0,156.0,199.0,251.0,4
157.0,220.0,280.0,224.0,211.0,156.0,199.0,252.0,4
158.0,220.0,280.0,224.0,211.0,156.0,199.0,252.0,4
158.0,220.0,280.0,224.0,211.0,156.0,199.0,252.0,4
158.0,220.0,279.0,224.0,211.0,156.0,199.0,252.0,4
158.0,220.0,279.0,222.0,211.0,156.0,199.0,252.0,4
158.0,220.0,279.0,222.0,210.0,156.0,199.0,252.0,4
158.0,220.0,279.0,222.0,210.0,155.0,199.0,252.0,4
158.0,220.0,279.0,222.0,210.0,155.0,198.0,252.0,4
158.0,220.0,279.0,222.0,210.0,155.0,198.0,250.0,4
-
158.0,220.0,279.0,222.0,210.0,155.0,198.0,250.0,5
158.0,221.0,279.0,222.0,210.0,155.0,198.0,250.0,5
158.0,221.0,281.0,222.0,210.0,155.0,198.0,250.0,5
158.0,221.0,281.0,224.0,210.0,155.0,198.0,250.0,5
158.0,221.0,281.0,224.0,209.0,155.0,198.0,250.0,5
158.0,221.0,281.0,224.0,209.0,154.0,198.0,250.0,5
158.0,221.0,281.0,224.0,209.0,154.0,198.0,250.0,5
158.0,221.0,281.0,224.0,209.0,154.0,198.0,252.0,5
157.0,221.0,281.0,224.0,209.0,154.0,198.0,252.0,5
157.0,220.0,281.0,224.0,209.0,154.0,198.0,252.0,5
157.0,220.0,281.0,224.0,209.0,154.0,198.0,252.0,5
157.0,220.0,281.0,222.0,209.0,154.0,198.0,252.0,5
157.0,220.0,281.0,222.0,212.0,154.0,198.0,252.0,5
157.0,220.0,281.0,222.0,212.0,157.0,198.0,252.0,5
157.0,220.0,281.0,222.0,212.0,157.0,197.0,252.0,5
157.0,220.0,281.0,222.0,212.0,157.0,197.0,250.0,5
156.0,220.0,281.0,222.0,212.0,157.0,197.0,250.0,5
156.0,218.0,281.0,222.0,212.0,157.0,197.0,250.0,5
156.0,218.0,280.0,222.0,212.0,157.0,197.0,250.0,5
156.0,218.0,280.0,222.0,212.0,157.0,197.0,250.0,5
156.0,218.0,280.0,222.0,212.0,157.0,197.0,250.0,5
156.0,218.0,280.0,222.0,212.0,155.0,197.0,250.0,5
156.0,218.0,280.0,222.0,212.0,155.0,198.0,250.0,5
156.0,218.0,280.0,222.0,212.0,155.0,198.0,251.0,5
158.0,218.0,280.0,222.0,212.0,155.0,198.0,251.0,5
158.0,221.0,280.0,222.0,212.0,155.0,198.0,251.0,5
158.0,221.0,279.0,222.0,212.0,155.0,198.0,251.0,5
158.0,221.0,279.0,221.0,212.0,155.0,198.0,251.0,5
158.0,221.0,279.0,221.0,211.0,155.0,198.0,251.0,5
158.0,221.0,279.0,221.0,211.0,156.0,198.0,251.0,5
158.0,221.0,279.0,221.0,211.0,156.0,199.0,251.0,5
158.0,221.0,279.0,221.0,211.0,156.0,199.0,251.0,5
-
157.0,221.0,279.0,221.0,211.0,156.0,199.0,251.0,4
157.0,219.0,279.0,221.0,211.0,156.0,199.0,251.0,4
157.0,219.0,279.0,221.0,211.0,156.0,199.0,251.0,4
157.0,219.0,279.0,221.0,211.0,156.0,199.0,251.0,4
157.0,219.0,279.0,221.0,211.0,156.0,199.0,251.0,4
157.0,219.0,279.0,221.0,211.0,154.0,199.0,251.0,4
157.0,219.0,279.0,221.0,211.0,154.0,199.0,251.0,4
157.0,219.0,279.0,221.0,211.0,154.0,199.0,252.0,4
158.0,219.0,279.0,221.0,211.0,154.0,199.0,252.0,4
158.0,221.0,279.0,221.0,211.0,154.0,199.0,252.0,4
158.0,221.0,281.0,221.0,211.0,154.0,199.0,252.0,4
158.0,221.0,281.0,220.0,211.0,154.0,199.0,252.0,4
158.0,221.0,281.0,220.0,212.0,154.0,199.0,252.0,4
158.0,221.0,281.0,220.0,212.0,156.0,199.0,252.0,4
158.0,221.0,281.0,220.0,212.0,156.0,197.0,252.0,4
158.0,221.0,281.0,220.0,212.0,156.0,197.0,250.0,4
156.0,221.0,281.0,220.0,212.0,156.0,197.0,250.0,4
156.0,219.0,281.0,220.0,212.0,156.0,197.0,250.0,4
156.0,219.0,281.0,220.0,212.0,156.0,197.0,250.0,4
156.0,219.0,281.0,220.0,212.0,156.0,197.0,250.0,4
156.0,219.0,281.0,220.0,210.0,156.0,197.0,250.0,4
156.0,219.0,281.0,220.0,210.0,156.0,197.0,250.0,4
156.0,219.0,281.0,220.0,210.0,156.0,198.0,250.0,4
156.0,219.0,281.0,220.0,210.0,156.0,198.0,250.0,4
156.0,219.0,281.0,220.0,210.0,156.0,198.0,250.0,4
156.0,221.0,281.0,220.0,210.0,156.0,198.0,250.0,4
156.0,221.0,283.0,220.0,210.0,156.0,198.0,250.0,4
156.0,221.0,283.0,218.0,210.0,156.0,198.0,250.0,4
156.0,221.0,283.0,218.0,210.0,156.0,198.0,250.0,4
156.0,221.0,283.0,218.0,210.0,154.0,198.0,250.0,4
156.0,221.0,283.0,218.0,210.0,154.0,195.0,250.0,4
156.0,221.0,283.0,218.0,210.0,154.0,195.0,251.0,4
-
156.0,221.0,283.0,218.0,210.0,154.0,195.0,251.0,5
156.0,222.0,283.0,218.0,210.0,154.0,195.0,251.0,5
156.0,222.0,287.0,218.0,210.0,154.0,195.0,251.0,5
156.0,222.0,287.0,218.0,210.0,154.0,195.0,251.0,5
156.0,222.0,287.0,218.0,209.0,154.0,195.0,251.0,5
156.0,222.0,287.0,218.0,209.0,152.0,195.0,251.0,5
156.0,222.0,287.0,218.0,209.0,152.0,193.0,251.0,5
156.0,222.0,287.0,218.0,209.0,152.0,193.0,250.0,5
154.0,222.0,287.0,218.0,209.0,152.0,193.0,250.0,5
154.0,222.0,287.0,218.0,209.0,152.0,193.0,250.0,5
154.0,222.0,292.0,218.0,209.0,152.0,193.0,250.0,5
154.0,222.0,292.0,218.0,209.0,152.0,193.0,250.0,5
154.0,222.0,292.0,218.0,206.0,152.0,193.0,250.0,5
154.0,222.0,292.0,218.0,206.0,153.0,193.0,250.0,5
154.0,222.0,292.0,218.0,206.0,153.0,194.0,250.0,5
154.0,222.0,292.0,218.0,206.0,153.0,194.0,247.0,5
151.0,222.0,292.0,218.0,206.0,153.0,194.0,247.0,5
151.0,221.0,292.0,218.0,206.0,153.0,194.0,247.0,5
151.0,221.0,296.0,218.0,206.0,153.0,194.0,247.0,5
151.0,221.0,296.0,213.0,206.0,153.0,194.0,247.0,5
151.0,221.0,296.0,213.0,204.0,153.0,194.0,247.0,5
151.0,221.0,296.0,213.0,204.0,150.0,194.0,247.0,5
151.0,221.0,296.0,213.0,204.0,150.0,191.0,247.0,5
151.0,221.0,296.0,213.0,204.0,150.0,191.0,245.0,5
148.0,221.0,296.0,213.0,204.0,150.0,191.0,245.0,5
148.0,224.0,296.0,213.0,204.0,150.0,191.0,245.0,5
148.0,224.0,298.0,213.0,204.0,150.0,191.0,245.0,5
148.0,224.0,298.0,208.0,204.0,150.0,191.0,245.0,5
148.0,224.0,298.0,208.0,205.0,150.0,191.0,245.0,5
148.0,224.0,298.0,208.0,205.0,148.0,191.0,245.0,5
148.0,224.0,298.0,208.0,205.0,148.0,189.0,245.0,5
148.0,224.0,298.0,208.0,205.0,148.0,189.0,245.0,5
-
147.0,224.0,298.0,208.0,205.0,148.0,189.0,245.0,4
147.0,226.0,298.0,208.0,205.0,148.0,189.0,245.0,4
147.0,226.0,302.0,208.0,205.0,148.0,189.0,245.0,4
147.0,226.0,302.0,209.0,205.0,148.0,189.0,245.0,4
147.0,226.0,302.0,209.0,208.0,148.0,189.0,245.0,4
147.0,226.0,302.0,209.0,208.0,147.0,189.0,245.0,4
147.0,226.0,302.0,209.0,208.0,147.0,186.0,245.0,4
147.0,226.0,302.0,209.0,208.0,147.0,186.0,246.0,4
146.0,226.0,302.0,209.0,208.0,147.0,186.0,246.0,4
146.0,227.0,302.0,209.0,208.0,147.0,186.0,246.0,4
146.0,227.0,305.0,209.0,208.0,147.0,186.0,246.0,4
146.0,227.0,305.0,209.0,208.0,147.0,186.0,246.0,4
146.0,227.0,305.0,209.0,212.0,147.0,186.0,246.0,4
146.0,227.0,305.0,209.0,212.0,146.0,186.0,246.0,4
146.0,227.0,305.0,209.0,212.0,146.0,188.0,246.0,4
146.0,227.0,305.0,209.0,212.0,146.0,188.0,245.0,4
150.0,227.0,305.0,209.0,212.0,146.0,188.0,245.0,4
150.0,227.0,305.0,209.0,212.0,146.0,188.0,245.0,4
150.0,227.0,308.0,209.0,212.0,146.0,188.0,245.0,4
150.0,227.0,308.0,212.0,212.0,146.0,188.0,245.0,4
150.0,227.0,308.0,212.0,212.0,146.0,188.0,245.0,4
150.0,227.0,308.0,212.0,212.0,147.0,188.0,245.0,4
150.0,227.0,308.0,212.0,212.0,147.0,188.0,245.0,4
150.0,227.0,308.0,212.0,212.0,147.0,188.0,246.0,4
150.0,227.0,308.0,212.0,212.0,147.0,188.0,246.0,4
150.0,228.0,308.0,212.0,212.0,147.0,188.0,246.0,4
150.0,228.0,310.0,212.0,212.0,147.0,188.0,246.0,4
150.0,228.0,310.0,211.0,212.0,147.0,188.0,246.0,4
150.0,228.0,310.0,211.0,212.0,147.0,188.0,246.0,4
150.0,228.0,310.0,211.0,212.0,147.0,188.0,246.0,4
150.0,228.0,310.0,211.0,212.0,147.0,188.0,246.0,4
150.0,228.0,310.0,211.0,212.0,147.0,188.0,247.0,4
-
149.0,228.0,310.0,211.0,212.0,147.0,188.0,247.0,5
149.0,227.0,310.0,211.0,212.0,147.0,188.0,247.0,5
149.0,227.0,311.0,211.0,212.0,147.0,188.0,247.0,5
149.0,227.0,311.0,215.0,212.0,147.0,188.0,247.0,5
149.0,227.0,311.0,215.0,215.0,147.0,188.0,247.0,5
149.0,227.0,311.0,215.0,215.0,147.0,188.0,247.0,5
149.0,227.0,311.0,215.0,215.0,147.0,187.0,247.0,5
149.0,227.0,311.0,215.0,215.0,147.0,187.0,247.0,5
148.0,227.0,311.0,215.0,215.0,147.0,187.0,247.0,5
148.0,227.0,311.0,215.0,215.0,147.0,187.0,247.0,5
148.0,227.0,311.0,215.0,215.0,147.0,187.0,247.0,5
148.0,227.0,311.0,217.0,215.0,147.0,187.0,247.0,5
148.0,227.0,311.0,217.0,216.0,147.0,187.0,247.0,5
148.0,227.0,311.0,217.0,216.0,147.0,187.0,247.0,5
148.0,227.0,311.0,217.0,216.0,147.0,189.0,247.0,5
148.0,227.0,311.0,217.0,216.0,147.0,189.0,247.0,5
150.0,227.0,311.0,217.0,216.0,147.0,189.0,247.0,5
150.0,225.0,311.0,217.0,216.0,147.0,189.0,247.0,5
150.0,225.0,309.0,217.0,216.0,147.0,189.0,247.0,5
150.0,225.0,309.0,219.0,216.0,147.0,189.0,247.0,5
150.0,225.0,309.0,219.0,218.0,147.0,189.0,247.0,5
150.0,225.0,309.0,219.0,218.0,149.0,189.0,247.0,5
150.0,225.0,309.0,219.0,218.0,149.0,189.0,247.0,5
150.0,225.0,309.0,219.0,218.0,149.0,189.0,245.0,5
150.0,225.0,309.0,219.0,218.0,149.0,189.0,245.0,5
150.0,226.0,309.0,219.0,218.0,149.0,189.0,245.0,5
150.0,226.0,309.0,219.0,218.0,149.0,189.0,245.0,5
150.0,226.0,309.0,223.0,218.0,149.0,189.0,245.0,5
150.0,226.0,309.0,223.0,217.0,149.0,189.0,245.0,5
150.0,226.0,309.0,223.0,217.0,150.0,189.0,245.0,5
150.0,226.0,309.0,223.0,217.0,150.0,188.0,245.0,5
150.0,226.0,309.0,223.0,217.0,150.0,188.0,244.0,5
-
153.0,226.0,309.0,223.0,217.0,150.0,188.0,244.0,4
153.0,225.0,309.0,223.0,217.0,150.0,188.0,244.0,4
153.0,225.0,307.0,223.0,217.0,150.0,188.0,244.0,4
153.0,225.0,307.0,228.0,217.0,150.0,188.0,244.0,4
153.0,225.0,307.0,228.0,220.0,150.0,188.0,244.0,4
153.0,225.0,307.0,228.0,220.0,152.0,188.0,244.0,4
153.0,225.0,307.0,228.0,220.0,152.0,187.0,244.0,4
153.0,225.0,307.0,228.0,220.0,152.0,187.0,245.0,4
152.0,225.0,307.0,228.0,220.0,152.0,187.0,245.0,4
152.0,225.0,307.0,228.0,220.0,152.0,187.0,245.0,4
152.0,225.0,305.0,228.0,220.0,152.0,187.0,245.0,4
152.0,225.0,305.0,227.0,220.0,152.0,187.0,245.0,4
152.0,225.0,305.0,227.0,220.0,152.0,187.0,245.0,4
152.0,225.0,305.0,227.0,220.0,155.0,187.0,245.0,4
152.0,225.0,305.0,227.0,220.0,155.0,187.0,245.0,4
152.0,225.0,305.0,227.0,220.0,155.0,187.0,245.0,4
153.0,225.0,305.0,227.0,220.0,155.0,187.0,245.0,4
153.0,223.0,305.0,227.0,220.0,155.0,187.0,245.0,4
153.0,223.0,301.0,227.0,220.0,155.0,187.0,245.0,4
153.0,223.0,301.0,229.0,220.0,155.0,187.0,245.0,4
153.0,223.0,301.0,229.0,220.0,155.0,187.0,245.0,4
153.0,223.0,301.0,229.0,220.0,154.0,187.0,245.0,4
153.0,223.0,301.0,229.0,220.0,154.0,188.0,245.0,4
153.0,223.0,301.0,229.0,220.0,154.0,188.0,246.0,4
152.0,223.0,301.0,229.0,220.0,154.0,188.0,246.0,4
152.0,223.0,301.0,229.0,220.0,154.0,188.0,246.0,4
152.0,223.0,300.0,229.0,220.0,154.0,188.0,246.0,4
152.0,223.0,300.0,230.0,220.0,154.0,188.0,246.0,4
152.0,223.0,300.0,230.0,220.0,154.0,188.0,246.0,4
152.0,223.0,300.0,230.0,220.0,155.0,188.0,246.0,4
152.0,223.0,300.0,230.0,220.0,155.0,188.0,246.0,4
152.0,223.0,300.0,230.0,220.0,155.0,188.0,247.0,4
-
153.0,223.0,300.0,230.0,220.0,155.0,188.0,247.0,5
153.0,223.0,300.0,230.0,220.0,155.0,188.0,247.0,5
153.0,223.0,299.0,230.0,220.0,155.0,188.0,247.0,5
153.0,223.0,299.0,232.0,220.0,155.0,188.0,247.0,5
153.0,223.0,299.0,232.0,223.0,155.0,188.0,247.0,5
153.0,223.0,299.0,232.0,223.0,159.0,188.0,247.0,5
153.0,223.0,299.0,232.0,223.0,159.0,186.0,247.0,5
153.0,223.0,299.0,232.0,223.0,159.0,186.0,244.0,5
154.0,223.0,299.0,232.0,223.0,159.0,186.0,244.0,5
154.0,223.0,299.0,232.0,223.0,159.0,186.0,244.0,5
154.0,223.0,294.0,232.0,223.0,159.0,186.0,244.0,5
154.0,223.0,294.0,238.0,223.0,159.0,186.0,244.0,5
154.0,223.0,294.0,238.0,222.0,159.0,186.0,244.0,5
154.0,223.0,294.0,238.0,222.0,161.0,186.0,244.0,5
154.0,223.0,294.0,238.0,222.0,161.0,187.0,244.0,5
154.0,223.0,294.0,238.0,222.0,161.0,187.0,244.0,5
156.0,223.0,294.0,238.0,222.0,161.0,187.0,244.0,5
156.0,221.0,294.0,238.0,222.0,161.0,187.0,244.0,5
156.0,221.0,290.0,238.0,222.0,161.0,187.0,244.0,5
156.0,221.0,290.0,242.0,222.0,161.0,187.0,244.0,5
156.0,221.0,290.0,242.0,220.0,161.0,187.0,244.0,5
156.0,221.0,290.0,242.0,220.0,166.0,187.0,244.0,5
156.0,221.0,290.0,242.0,220.0,166.0,186.0,244.0,5
156.0,221.0,290.0,242.0,220.0,166.0,186.0,243.0,5
156.0,221.0,290.0,242.0,220.0,166.0,186.0,243.0,5
156.0,223.0,290.0,242.0,220.0,166.0,186.0,243.0,5
156.0,223.0,289.0,242.0,220.0,166.0,186.0,243.0,5
156.0,223.0,289.0,244.0,220.0,166.0,186.0,243.0,5
156.0,223.0,289.0,244.0,216.0,166.0,186.0,243.0,5
156.0,223.0,289.0,244.0,216.0,170.0,186.0,243.0,5
156.0,223.0,289.0,244.0,216.0,170.0,186.0,243.0,5
156.0,223.0,289.0,244.0,216.0,170.0,186.0,242.0,5
-
154.0,223.0,289.0,244.0,216.0,170.0,186.0,242.0,4
154.0,221.0,289.0,244.0,216.0,170.0,186.0,242.0,4
154.0,221.0,288.0,244.0,216.0,170.0,186.0,242.0,4
154.0,221.0,288.0,244.0,216.0,170.0,186.0,242.0,4
154.0,221.0,288.0,244.0,216.0,170.0,186.0,242.0,4
154.0,221.0,288.0,244.0,216.0,176.0,186.0,242.0,4
154.0,221.0,288.0,244.0,216.0,176.0,183.0,242.0,4
154.0,221.0,288.0,244.0,216.0,176.0,183.0,241.0,4
150.0,221.0,288.0,244.0,216.0,176.0,183.0,241.0,4
150.0,223.0,288.0,244.0,216.0,176.0,183.0,241.0,4
150.0,223.0,288.0,244.0,216.0,176.0,183.0,241.0,4
150.0,223.0,288.0,245.0,216.0,176.0,183.0,241.0,4
150.0,223.0,288.0,245.0,215.0,176.0,183.0,241.0,4
150.0,223.0,288.0,245.0,215.0,178.0,183.0,241.0,4
150.0,223.0,288.0,245.0,215.0,178.0,185.0,241.0,4
150.0,223.0,288.0,245.0,215.0,178.0,185.0,241.0,4
151.0,223.0,288.0,245.0,215.0,178.0,185.0,241.0,4
151.0,224.0,288.0,245.0,215.0,178.0,185.0,241.0,4
151.0,224.0,288.0,245.0,215.0,178.0,185.0,241.0,4
151.0,224.0,288.0,244.0,215.0,178.0,185.0,241.0,4
151.0,224.0,288.0,244.0,214.0,178.0,185.0,241.0,4
151.0,224.0,288.0,244.0,214.0,184.0,185.0,241.0,4
151.0,224.0,288.0,244.0,214.0,184.0,184.0,241.0,4
151.0,224.0,288.0,244.0,214.0,184.0,184.0,240.0,4
151.0,224.0,288.0,244.0,214.0,184.0,184.0,240.0,4
151.0,226.0,288.0,244.0,214.0,184.0,184.0,240.0,4
151.0,226.0,288.0,244.0,214.0,184.0,184.0,240.0,4
151.0,226.0,288.0,246.0,214.0,184.0,184.0,240.0,4
151.0,226.0,288.0,246.0,216.0,184.0,184.0,240.0,4
151.0,226.0,288.0,246.0,216.0,185.0,184.0,240.0,4
151.0,226.0,288.0,246.0,216.0,185.0,183.0,240.0,4
151.0,226.0,288.0,246.0,216.0,185.0,183.0,238.0,4
-
151.0,226.0,288.0,246.0,216.0,185.0,183.0,238.0,5
151.0,223.0,288.0,246.0,216.0,185.0,183.0,238.0,5
151.0,223.0,285.0,246.0,216.0,185.0,183.0,238.0,5
151.0,223.0,285.0,248.0,216.0,185.0,183.0,238.0,5
151.0,223.0,285.0,248.0,215.0,185.0,183.0,238.0,5
151.0,223.0,285.0,248.0,215.0,187.0,183.0,238.0,5
151.0,223.0,285.0,248.0,215.0,187.0,181.0,238.0,5
151.0,223.0,285.0,248.0,215.0,187.0,181.0,236.0,5
149.0,223.0,285.0,248.0,215.0,187.0,181.0,236.0,5
149.0,219.0,285.0,248.0,215.0,187.0,181.0,236.0,5
149.0,219.0,284.0,248.0,215.0,187.0,181.0,236.0,5
149.0,219.0,284.0,247.0,215.0,187.0,181.0,236.0,5
149.0,219.0,284.0,247.0,215.0,187.0,181.0,236.0,5
149.0,219.0,284.0,247.0,215.0,190.0,181.0,236.0,5
149.0,219.0,284.0,247.0,215.0,190.0,180.0,236.0,5
149.0,219.0,284.0,247.0,215.0,190.0,180.0,237.0,5
150.0,219.0,284.0,247.0,215.0,190.0,180.0,237.0,5
150.0,217.0,284.0,247.0,215.0,190.0,180.0,237.0,5
150.0,217.0,279.0,247.0,215.0,190.0,180.0,237.0,5
150.0,217.0,279.0,246.0,215.0,190.0,180.0,237.0,5
150.0,217.0,279.0,246.0,216.0,190.0,180.0,237.0,5
150.0,217.0,279.0,246.0,216.0,193.0,180.0,237.0,5
150.0,217.0,279.0,246.0,216.0,193.0,179.0,237.0,5
150.0,217.0,279.0,246.0,216.0,193.0,179.0,237.0,5
149.0,217.0,279.0,246.0,216.0,193.0,179.0,237.0,5
149.0,213.0,279.0,246.0,216.0,193.0,179.0,237.0,5
149.0,213.0,277.0,246.0,216.0,193.0,179.0,237.0,5
149.0,213.0,277.0,246.0,216.0,193.0,179.0,237.0,5
149.0,213.0,277.0,246.0,218.0,193.0,179.0,237.0,5
149.0,213.0,277.0,246.0,218.0,194.0,179.0,237.0,5
149.0,213.0,277.0,246.0,218.0,194.0,177.0,237.0,5
149.0,213.0,277.0,246.0,218.0,194.0,177.0,237.0,5
-
