3.28131720944	3.14202669052	3.82486295762	2.75079031758	3.0836169754	3.19594722639	3.62451865496	2.89571965651	
3.30827747738	3.11149979865	3.82486295762	2.78937301263	3.15147892289	3.22290749432	3.62451865496	3.04363785116	
3.33523774531	3.11149979865	3.72647411825	2.83523774531	3.28039465412	3.33880436924	3.62451865496	3.11149979865	
3.39272490511	3.11149979865	3.70896608269	2.99054187194	3.26737579782	3.33880436924	3.55309008353	3.24041552988	
3.42325179698	3.11149979865	3.72647411825	3.13846006659	3.36576463718	3.35182322555	3.4816615121	3.25792356544	
3.42325179698	3.06703149516	3.79790268968	3.27775058551	3.38327267274	3.35182322555	3.4816615121	3.28488383338	
3.32486295762	3.08005035146	3.77094242175	3.33523774531	3.51218840397	3.33880436924	3.46415347654	3.32578551294	
3.22647411825	3.09306920777	3.77094242175	3.37970604881	3.62808527889	3.32578551294	3.43719320861	3.30827747738	
3.22647411825	3.09306920777	3.77094242175	3.40666631674	3.69951385032	3.28131720944	3.36576463718	3.30827747738	
3.24398215381	3.09306920777	3.79790268968	3.37970604881	3.60112501096	3.24041552988	3.29433606575	3.28131720944	
3.26149018937	3.09306920777	3.86933126111	3.41023294067	3.5836169754	3.25343438619	3.16542033452	3.28131720944	
3.27899822493	3.09306920777	3.96772010047	3.44075983254	3.5836169754	3.22141306647	3.16542033452	3.41023294067	
3.26149018937	3.09306920777	3.94075983254	3.48522813603	3.5836169754	3.09249733524	3.16542033452	3.4816615121	
3.35987902874	3.08005035146	3.94075983254	3.47220927973	3.5836169754	3.04802903174	3.16542033452	3.4816615121	
3.4582678681	3.06703149516	3.84237099318	3.50273617159	3.68200581476	3.00862178004	3.16542033452	3.5261298156	
3.55665670746	3.19594722639	3.84237099318	3.52969643953	3.75343438619	3.04802903174	3.23684890595	3.55309008353	
3.55665670746	3.29433606575	3.86933126111	3.52969643953	3.68200581476	3.02164063634	3.30827747738	3.55309008353	
3.65504554683	3.39272490511	3.82486295762	3.55665670746	3.62451865496	3.00862178004	3.43719320861	3.55309008353	
3.61057724333	3.32129633368	3.82486295762	3.57416474302	3.62451865496	3.00862178004	3.49468036841	3.57059811909	
3.58005035146	3.32129633368	3.82486295762	3.57416474302	3.63753751127	3.00862178004	3.49468036841	3.45470124417	
3.53558204797	3.32129633368	3.86933126111	3.4582678681	3.62451865496	3.16392590666	3.51218840397	3.3563124048	
3.47809488817	3.33880436924	3.86933126111	3.34237099318	3.62451865496	3.22141306647	3.55665670746	3.24041552988	
3.41023294067	3.33880436924	3.86933126111	3.34237099318	3.74041552988	3.29790268968	3.55665670746	3.11149979865	
3.41023294067	3.30827747738	3.86933126111	3.34237099318	3.75343438619	3.31541072524	3.5261298156	3.11149979865	
3.33880436924	3.27775058551	3.96772010047	3.32486295762	3.75343438619	3.24398215381	3.42774097623	3.11149979865	
3.33880436924	3.30827747738	3.96772010047	3.34237099318	3.75343438619	3.12808527889	3.42774097623	3.11149979865	
3.45470124417	3.43719320861	4.0391486719	3.34237099318	3.86933126111	3.11057724333	3.38683929667	3.11149979865	
3.48522813603	3.33880436924	3.96772010047	3.34237099318	3.98522813603	3.11057724333	3.36933126111	3.11149979865	
3.62451865496	3.36933126111	3.86933126111	3.34237099318	3.91379956461	3.0836169754	3.34237099318	3.12900783421	
3.72290749432	3.36933126111	3.96772010047	3.34237099318	3.94075983254	3.0261298156	3.41379956461	3.14202669052	
3.76737579782	3.48522813603	3.96772010047	3.34237099318	3.91379956461	2.87821162095	3.52969643953	3.15504554683	
3.76737579782	3.60112501096	4.0391486719	3.22647411825	3.79790268968	2.84768472908	3.52969643953	3.15504554683	
3.72290749432	3.71702188588	4.11057724333	3.22647411825	3.68200581476	2.84768472908	3.62808527889	3.12451865496	
3.62451865496	3.74398215381	4.11057724333	3.22647411825	3.6644977792	2.87821162095	3.76737579782	3.12451865496	
3.72290749432	3.77094242175	4.11057724333	3.16898695845	3.53558204797	2.92774097623	3.74041552988	3.22290749432	
3.78039465412	3.79790268968	4.13753751127	3.24041552988	3.40666631674	2.90434733223	3.74041552988	3.29433606575	
3.78039465412	3.79790268968	4.06610893984	3.18292837008	3.34917915694	2.87232601251	3.74041552988	3.29433606575	
3.75343438619	3.82486295762	3.99468036841	3.05401263885	3.34917915694	2.94881563573	3.74041552988	3.27094242175	
3.75343438619	3.92325179698	3.96772010047	2.93811576393	3.34917915694	3.01667758322	3.60112501096	3.14202669052	
3.72290749432	3.92325179698	3.86933126111	2.798825245	3.28131720944	3.08453953072	3.48522813603	3.04363785116	
3.78039465412	3.89629152905	3.84237099318	2.798825245	3.21345526195	3.08453953072	3.48522813603	2.92774097623	
3.79790268968	3.92325179698	3.86933126111	2.822218889	3.07416474302	3.08453953072	3.62451865496	2.91472211993	
3.76737579782	3.95021206491	3.86933126111	2.822218889	3.00273617159	3.09755838702	3.64202669052	2.92774097623	
3.65147892289	3.92325179698	3.79790268968	2.798825245	2.93130760017	3.22647411825	3.5261298156	2.95113462023	
3.72290749432	3.82486295762	3.75343438619	2.65953472608	2.8329187608	3.22647411825	3.5261298156	2.96415347654	
3.72290749432	3.79790268968	3.70896608269	2.63614108208	2.82429108508	3.22647411825	3.5261298156	2.95113462023	
3.72290749432	3.69951385032	3.73592635063	2.65953472608	2.97220927973	3.22647411825	3.62451865496	2.95113462023	
3.72290749432	3.60112501096	3.85182322555	2.68292837008	3.04007122722	3.22647411825	3.62451865496	2.92774097623	
3.72290749432	3.57416474302	3.96772010047	2.70632201408	3.09755838702	3.22647411825	3.6070106194	2.90434733223	
3.72290749432	3.57416474302	4.0391486719	2.822218889	3.12095203103	3.22647411825	3.5495234596	2.87382044036	
3.72290749432	3.57416474302	4.0391486719	2.93811576393	3.13846006659	3.16898695845	3.4816615121	2.82429108508	
3.72290749432	3.57416474302	4.0391486719	3.05401263885	3.13846006659	3.11149979865	3.52256319166	2.84768472908	
3.72290749432	3.57416474302	4.01218840397	3.06703149516	3.09755838702	3.06703149516	3.56703149516	2.97660046031	
3.62451865496	3.57416474302	3.96772010047	3.08005035146	3.23684890595	3.08005035146	3.62451865496	3.12451865496	
3.48522813603	3.4582678681	3.92325179698	3.08005035146	3.23684890595	3.09306920777	3.63753751127	3.18200581476	
3.52969643953	3.47577590366	3.85182322555	3.08005035146	3.30827747738	3.08005035146	3.75343438619	3.19951385032	
3.38177824488	3.47577590366	3.85182322555	3.08005035146	3.37970604881	3.06703149516	3.75343438619	3.24041552988	
3.28338940552	3.47577590366	3.85182322555	3.09306920777	3.37970604881	3.05401263885	3.75343438619	3.24041552988	
3.26588136996	3.47577590366	3.92325179698	3.08005035146	3.41023294067	3.05401263885	3.65504554683	3.25343438619	
3.26588136996	3.57416474302	3.92325179698	3.08005035146	3.41023294067	3.05401263885	3.69951385032	3.36933126111	
3.26588136996	3.67255358239	3.92325179698	3.12451865496	3.41023294067	3.05401263885	3.57059811909	3.41379956461	
3.26588136996	3.69951385032	3.92325179698	3.15504554683	3.41023294067	3.01311095929	3.45470124417	3.43130760017	
3.26588136996	3.67255358239	3.92325179698	3.15504554683	3.41023294067	2.99560292373	3.3563124048	3.31541072524	
3.26588136996	3.62808527889	3.92325179698	3.12451865496	3.41023294067	3.11149979865	3.36933126111	3.19951385032	
3.26588136996	3.5836169754	3.92325179698	3.11149979865	3.41023294067	3.25079031758	3.33880436924	3.18200581476	
3.26588136996	3.46772010047	3.92325179698	3.12451865496	3.41023294067	3.25079031758	3.32129633368	3.16898695845	
3.33730994139	3.33880436924	3.96772010047	3.12451865496	3.41023294067	3.11149979865	3.30827747738	3.26737579782	
3.41379956461	3.28131720944	4.01218840397	3.12451865496	3.5261298156	2.97220927973	3.33880436924	3.28039465412	
3.44075983254	3.28131720944	4.11057724333	3.12451865496	3.65504554683	2.98522813603	3.38327267274	3.29790268968	
3.4582678681	3.29433606575	4.0391486719	3.12451865496	3.69951385032	2.97660046031	3.44075983254	3.34237099318	
3.59755838702	3.35182322555	3.96772010047	3.25343438619	3.72647411825	2.91911330051	3.44075983254	3.35987902874	
3.69594722639	3.35182322555	3.86933126111	3.29790268968	3.75343438619	2.76380917388	3.51218840397	3.47577590366	
3.66898695845	3.35182322555	3.89629152905	3.28488383338	3.72647411825	2.69594722639	3.46772010047	3.57416474302	
3.66898695845	3.36933126111	3.92325179698	3.26737579782	3.72647411825	2.76380917388	3.41023294067	3.55665670746	
3.66898695845	3.3563124048	3.89629152905	3.36576463718	3.65504554683	2.84768472908	3.41023294067	3.55665670746	
3.69951385032	3.32578551294	3.79790268968	3.41023294067	3.55665670746	2.82429108508	3.41023294067	3.55665670746	
3.68200581476	3.32578551294	3.68200581476	3.5391486719	3.4582678681	2.85481797695	3.41023294067	3.51218840397	
3.62451865496	3.38327267274	3.5836169754	3.5391486719	3.4007807083	2.90434733223	3.41023294067	3.51218840397	
3.65504554683	3.44075983254	3.5836169754	3.5391486719	3.38327267274	2.85481797695	3.41023294067	3.46772010047	
3.65504554683	3.44075983254	3.55309008353	3.46772010047	3.36576463718	2.82279665723	3.42774097623	3.48522813603	
3.5836169754	3.41023294067	3.50862178004	3.45470124417	3.36576463718	2.76588136996	3.47220927973	3.51218840397	
3.51218840397	3.41023294067	3.58005035146	3.41023294067	3.23684890595	2.76588136996	3.48522813603	3.51218840397	
3.49916954766	3.42325179698	3.65147892289	3.41023294067	3.13846006659	2.92118549659	3.45470124417	3.4816615121	
3.52969643953	3.44075983254	3.58005035146	3.41023294067	3.04007122722	2.97071485187	3.33880436924	3.5391486719	
3.52969643953	3.44075983254	3.45113462023	3.41023294067	3.13846006659	2.88683929667	3.26737579782	3.5391486719	
3.52969643953	3.44075983254	3.40666631674	3.41023294067	3.23684890595	2.86933126111	3.15147892289	3.5836169754	
3.52969643953	3.44075983254	3.47809488817	3.36933126111	3.33523774531	2.89272490511	3.1644977792	3.60112501096	
3.52969643953	3.34237099318	3.50862178004	3.37970604881	3.39272490511	2.89272490511	3.28039465412	3.50273617159	
3.52969643953	3.22647411825	3.5261298156	3.33523774531	3.39272490511	2.89272490511	3.39629152905	3.50273617159	
3.52969643953	3.09755838702	3.45470124417	3.26380917388	3.39272490511	2.89272490511	3.46772010047	3.4582678681	
3.52969643953	3.19594722639	3.33880436924	3.29433606575	3.39272490511	3.04802903174	3.51218840397	3.4582678681	
3.52969643953	3.16542033452	3.22290749432	3.31184410131	3.42325179698	3.04802903174	3.55665670746	3.4582678681	
3.52969643953	3.13489344265	3.22290749432	3.31184410131	3.5391486719	3.04802903174	3.44075983254	3.4582678681	
3.52969643953	3.06703149516	3.22290749432	3.31184410131	3.65504554683	2.91911330051	3.42325179698	3.44075983254	
3.52969643953	2.99916954766	3.24986776226	3.31184410131	3.77094242175	2.91911330051	3.39272490511	3.39629152905	
3.52969643953	2.93130760017	3.30735492206	3.34237099318	3.86933126111	3.04802903174	3.41023294067	3.39629152905	
3.52969643953	2.93130760017	3.37878349349	3.35987902874	3.94075983254	3.12451865496	3.4816615121	3.41379956461	
3.52969643953	2.93130760017	3.39629152905	3.35987902874	3.94075983254	3.16898695845	3.55309008353	3.36933126111	
3.52969643953	2.93130760017	3.38327267274	3.34237099318	3.89629152905	3.19238060245	3.5836169754	3.31184410131	
3.52969643953	2.99916954766	3.38327267274	3.34237099318	3.78039465412	3.20988863801	3.68200581476	3.18292837008	
3.55665670746	3.06703149516	3.26737579782	3.35987902874	3.73592635063	3.24041552988	3.68200581476	3.05401263885	
3.44075983254	3.13489344265	3.13846006659	3.3773870643	3.73592635063	3.24041552988	3.68200581476	3.05401263885	
3.44075983254	3.16542033452	3.09755838702	3.26149018937	3.67843919083	3.25343438619	3.68200581476	3.05401263885	
3.42774097623	3.15504554683	3.06703149516	3.24398215381	3.62095203103	3.25343438619	3.72647411825	3.08097290678	
3.44075983254	3.22647411825	3.19594722639	3.21345526195	3.56346487123	3.35182322555	3.77094242175	3.08097290678	
3.39629152905	3.29790268968	3.33523774531	3.16898695845	3.62095203103	3.46772010047	3.84237099318	3.08097290678	
3.33880436924	3.36933126111	3.46415347654	3.12451865496	3.67843919083	3.49468036841	3.94075983254	3.08097290678	
3.33880436924	3.37970604881	3.58005035146	3.08005035146	3.73592635063	3.49468036841	3.96772010047	3.08097290678	
3.31541072524	3.43719320861	3.63753751127	3.08005035146	3.78039465412	3.49468036841	3.94075983254	3.08097290678	
3.35987902874	3.43719320861	3.58005035146	3.06703149516	3.82486295762	3.45021206491	3.92325179698	3.08097290678	
3.42774097623	3.29790268968	3.55309008353	3.11149979865	3.82486295762	3.35182322555	3.94075983254	3.04007122722	
3.45470124417	3.16898695845	3.41379956461	3.08097290678	3.79790268968	3.33880436924	3.96772010047	3.01311095929	
3.55309008353	3.04007122722	3.41379956461	3.04007122722	3.79790268968	3.33880436924	3.94075983254	2.96358160401	
3.55309008353	3.04007122722	3.55309008353	2.99916954766	3.79790268968	3.26737579782	3.94075983254	2.96358160401	
3.43719320861	3.04007122722	3.5261298156	2.93130760017	3.79790268968	3.36576463718	3.96772010047	2.96358160401	
3.36933126111	3.04007122722	3.5261298156	2.85481797695	3.82486295762	3.4816615121	3.96772010047	2.96358160401	
3.34237099318	3.04007122722	3.55309008353	2.85481797695	3.86933126111	3.59755838702	4.0391486719	2.97660046031	
3.34237099318	3.09755838702	3.5261298156	2.93130760017	3.86933126111	3.62808527889	3.92325179698	3.00712735218	
3.31034967345	3.16898695845	3.5261298156	2.99916954766	3.86933126111	3.51218840397	3.82486295762	3.05665670746	
3.35987902874	3.29790268968	3.49560292373	3.04007122722	3.77094242175	3.44075983254	3.72647411825	3.04363785116	
3.4582678681	3.36576463718	3.50862178004	3.08097290678	3.67255358239	3.39629152905	3.72647411825	3.01161653143	
3.41379956461	3.38327267274	3.55309008353	3.20988863801	3.57416474302	3.38327267274	3.82486295762	3.02024420715	
3.48522813603	3.38327267274	3.62451865496	3.18292837008	3.4582678681	3.38327267274	3.92325179698	3.04363785116	
3.55665670746	3.38327267274	3.5261298156	3.18292837008	3.34237099318	3.33880436924	3.92325179698	3.04363785116	
3.60112501096	3.4816615121	3.41023294067	3.24041552988	3.22647411825	3.19951385032	3.85182322555	3.04363785116	
3.60112501096	3.50862178004	3.46772010047	3.24041552988	3.09755838702	3.18200581476	3.79433606575	3.04363785116	
3.60112501096	3.5261298156	3.5836169754	3.25343438619	3.06703149516	3.29790268968	3.85182322555	3.04363785116	
3.62808527889	3.5261298156	3.68200581476	3.13753751127	3.03650460329	3.36933126111	3.92325179698	3.06703149516	
3.62808527889	3.59755838702	3.68200581476	3.02164063634	2.99560292373	3.44075983254	3.99468036841	3.0261298156	
3.62808527889	3.66898695845	3.65147892289	3.02164063634	2.92774097623	3.5391486719	4.0391486719	3.12451865496	
3.62808527889	3.74041552988	3.62451865496	3.13753751127	2.85987902874	3.5391486719	4.02164063634	3.24041552988	
3.66898695845	3.74041552988	3.66898695845	3.25343438619	2.78338940552	3.5391486719	3.99468036841	3.16898695845	
3.66898695845	3.69594722639	3.72647411825	3.28039465412	2.78338940552	3.5391486719	3.89629152905	3.16898695845	
3.74041552988	3.58005035146	3.61057724333	3.32486295762	2.92267992444	3.5391486719	3.89629152905	3.05309008353	
3.86933126111	3.58005035146	3.4816615121	3.36933126111	3.07059811909	3.5391486719	3.89629152905	2.90517188888	
3.86933126111	3.62451865496	3.35274578087	3.36933126111	3.20988863801	3.5261298156	3.78039465412	2.84768472908	
3.91379956461	3.50862178004	3.35274578087	3.36933126111	3.28131720944	3.5495234596	3.78039465412	2.84768472908	
3.94075983254	3.50862178004	3.35274578087	3.36933126111	3.35274578087	3.4816615121	3.89629152905	2.89721408437	
3.94075983254	3.50862178004	3.38327267274	3.32486295762	3.35274578087	3.5495234596	4.01218840397	2.91472211993	
3.86933126111	3.50862178004	3.44075983254	3.34237099318	3.41023294067	3.4816615121	4.0391486719	2.93811576393	
3.86933126111	3.50862178004	3.41023294067	3.32486295762	3.41023294067	3.4816615121	3.99468036841	2.91472211993	
3.79790268968	3.50862178004	3.28131720944	3.29433606575	3.41023294067	3.41023294067	3.99468036841	2.87382044036	
3.79790268968	3.50862178004	3.35274578087	3.26380917388	3.41023294067	3.41023294067	3.99468036841	2.8329187608	
3.79790268968	3.50862178004	3.45113462023	3.23684890595	3.41023294067	3.41023294067	3.89629152905	2.8329187608	
3.77094242175	3.50862178004	3.35274578087	3.35274578087	3.41023294067	3.47809488817	3.89629152905	2.87382044036	
3.77094242175	3.43719320861	3.25435694151	3.4816615121	3.41023294067	3.45470124417	3.91379956461	2.91472211993	
3.77094242175	3.32129633368	3.20988863801	3.61057724333	3.41023294067	3.45470124417	3.94075983254	3.05401263885	
3.77094242175	3.45021206491	3.20988863801	3.70896608269	3.41023294067	3.47809488817	3.91379956461	3.18292837008	
3.69951385032	3.56610893984	3.20988863801	3.69594722639	3.41023294067	3.45470124417	3.89629152905	3.28131720944	
3.72647411825	3.59306920777	3.18649499401	3.58005035146	3.41023294067	3.45470124417	3.91379956461	3.28131720944	
3.70896608269	3.59306920777	3.08810615465	3.61057724333	3.47809488817	3.59399176309	3.79790268968	3.31184410131	
3.61057724333	3.46415347654	2.98971731529	3.65504554683	3.50862178004	3.59399176309	3.69951385032	3.31184410131	
3.61057724333	3.40666631674	3.04720447509	3.5391486719	3.5261298156	3.65147892289	3.69951385032	3.29433606575	
3.68200581476	3.34917915694	3.07416474302	3.5391486719	3.65504554683	3.70896608269	3.66898695845	3.25343438619	
3.75343438619	3.34917915694	3.17255358239	3.5391486719	3.69951385032	3.68200581476	3.55309008353	3.25343438619	
3.75343438619	3.34917915694	3.27094242175	3.5391486719	3.72647411825	3.55309008353	3.55309008353	3.25343438619	
3.72647411825	3.25079031758	3.41023294067	3.5391486719	3.77094242175	3.4241743523	3.4816615121	3.25343438619	
3.72647411825	3.15240147821	3.41023294067	3.5391486719	3.77094242175	3.40666631674	3.41023294067	3.12451865496	
3.72647411825	3.05401263885	3.34237099318	3.61057724333	3.75343438619	3.40666631674	3.38327267274	3.0261298156	
3.65504554683	3.06703149516	3.29790268968	3.68200581476	3.77094242175	3.47809488817	3.44075983254	2.92774097623	
3.55665670746	3.08005035146	3.24041552988	3.68200581476	3.69951385032	3.47809488817	3.55665670746	2.92774097623	
3.52969643953	3.09306920777	3.24041552988	3.5836169754	3.62808527889	3.47809488817	3.5836169754	3.04363785116	
3.57416474302	3.09306920777	3.20988863801	3.46772010047	3.55665670746	3.45113462023	3.5836169754	3.18292837008	
3.67255358239	3.09306920777	3.20988863801	3.43719320861	3.55665670746	3.50862178004	3.62808527889	3.22739667357	
3.77094242175	3.08005035146	3.20988863801	3.55309008353	3.55665670746	3.55309008353	3.52969643953	3.20988863801	
3.77094242175	3.06703149516	3.26737579782	3.66898695845	3.62808527889	3.55309008353	3.51218840397	3.20988863801	
3.74398215381	3.05401263885	3.39629152905	3.66898695845	3.69951385032	3.53558204797	3.46772010047	3.20988863801	
3.62808527889	3.01311095929	3.53558204797	3.65147892289	3.65504554683	3.55309008353	3.45021206491	3.24041552988	
3.72647411825	2.97220927973	3.65147892289	3.62451865496	3.65504554683	3.5836169754	3.46772010047	3.29790268968	
3.72647411825	2.97220927973	3.52256319166	3.59755838702	3.67255358239	3.45470124417	3.48522813603	3.34237099318	
3.69951385032	2.96358160401	3.45470124417	3.56703149516	3.67255358239	3.45470124417	3.52969643953	3.34237099318	
3.68200581476	2.99560292373	3.41023294067	3.58005035146	3.77094242175	3.45470124417	3.60112501096	3.31184410131	
3.6644977792	2.96358160401	3.5391486719	3.50862178004	3.84237099318	3.5261298156	3.67255358239	3.41023294067	
3.65147892289	2.97220927973	3.5495234596	3.50862178004	3.86933126111	3.62451865496	3.65504554683	3.5261298156	
3.66898695845	3.07059811909	3.5495234596	3.43719320861	3.86933126111	3.68200581476	3.67255358239	3.59755838702	
3.72647411825	2.93130760017	3.5495234596	3.36576463718	3.89629152905	3.69951385032	3.74398215381	3.55309008353	
3.79790268968	2.78338940552	3.5495234596	3.43719320861	3.99468036841	3.69951385032	3.74398215381	3.55309008353	
3.72647411825	2.63547121087	3.6070106194	3.4816615121	3.99468036841	3.71702188588	3.62808527889	3.5836169754	
3.75343438619	2.48755301623	3.72290749432	3.5261298156	3.95021206491	3.60112501096	3.62808527889	3.5836169754	
3.75343438619	2.48755301623	3.78039465412	3.5261298156	3.92325179698	3.5836169754	3.62808527889	3.60112501096	
3.75343438619	2.48755301623	3.78039465412	3.62451865496	3.89629152905	3.46772010047	3.62808527889	3.5836169754	
3.65504554683	2.55898158766	3.73592635063	3.72290749432	3.89629152905	3.33880436924	3.65504554683	3.56610893984	
3.62808527889	2.63041015909	3.67843919083	3.79433606575	3.85182322555	3.22290749432	3.68200581476	3.5836169754	
3.62808527889	2.70183873051	3.6070106194	3.86576463718	3.80735492206	3.22290749432	3.68200581476	3.5836169754	
3.62808527889	2.84975692516	3.50862178004	3.93719320861	3.67843919083	3.24041552988	3.65504554683	3.56610893984	
3.65504554683	2.84237099318	3.56610893984	4.00862178004	3.67843919083	3.22290749432	3.55665670746	3.56610893984	
3.68200581476	2.92624654838	3.56610893984	3.93719320861	3.6070106194	3.22290749432	3.4582678681	3.61057724333	
3.72647411825	2.99410849587	3.61057724333	3.99468036841	3.6070106194	3.19594722639	3.4582678681	3.65504554683	
3.72647411825	3.06197044337	3.65504554683	4.0391486719	3.65147892289	3.06703149516	3.47577590366	3.67255358239	
3.72647411825	3.07059811909	3.77094242175	4.0391486719	3.69594722639	3.04363785116	3.4582678681	3.55665670746	
3.72647411825	3.07059811909	3.79790268968	3.99468036841	3.69594722639	3.04363785116	3.4582678681	3.55665670746	
3.62808527889	3.11149979865	3.79790268968	3.92325179698	3.69594722639	3.00273617159	3.47577590366	3.55665670746	
3.52969643953	3.15240147821	3.79790268968	3.92325179698	3.69594722639	3.00273617159	3.57416474302	3.57416474302	
3.50273617159	3.15240147821	3.79790268968	3.92325179698	3.76737579782	3.02024420715	3.55665670746	3.57416474302	
3.47577590366	3.15240147821	3.69951385032	3.92325179698	3.66898695845	2.97071485187	3.51218840397	3.57416474302	
3.47577590366	3.15240147821	3.67255358239	3.92325179698	3.64202669052	3.06910369123	3.46772010047	3.55665670746	
3.47577590366	3.20988863801	3.55665670746	3.92325179698	3.64202669052	3.1674925306	3.51218840397	3.52969643953	
3.47577590366	3.33880436924	3.51218840397	3.94075983254	3.69951385032	3.26588136996	3.44075983254	3.52969643953	
3.3773870643	3.46772010047	3.46772010047	3.91379956461	3.79790268968	3.1674925306	3.44075983254	3.52969643953	
3.27899822493	3.41023294067	3.51218840397	3.91379956461	3.79790268968	3.06910369123	3.55665670746	3.55665670746	
3.16310135001	3.39721408437	3.5391486719	3.84237099318	3.72647411825	2.91379956461	3.60112501096	3.55665670746	
3.16310135001	3.41023294067	3.52164063634	3.72647411825	3.62808527889	2.76588136996	3.60112501096	3.55665670746	
3.14559331445	3.29433606575	3.39272490511	3.68200581476	3.49916954766	2.76588136996	3.69951385032	3.55665670746	
3.24398215381	3.35182322555	3.26380917388	3.68200581476	3.38327267274	2.79790268968	3.60112501096	3.5391486719	
3.34237099318	3.32129633368	3.16542033452	3.56610893984	3.38327267274	2.83730994139	3.60112501096	3.50862178004	
3.44075983254	3.30827747738	3.19594722639	3.5836169754	3.4816615121	2.87821162095	3.5836169754	3.52164063634	
3.44075983254	3.32578551294	3.22647411825	3.69951385032	3.4816615121	2.92774097623	3.5836169754	3.5391486719	
3.44075983254	3.3563124048	3.22647411825	3.74398215381	3.43719320861	2.90434733223	3.5836169754	3.55665670746	
3.41379956461	3.36933126111	3.22647411825	3.71702188588	3.43719320861	2.90434733223	3.55309008353	3.55665670746	
3.36933126111	3.32486295762	3.22647411825	3.60112501096	3.46772010047	2.92774097623	3.55309008353	3.55665670746	
3.32486295762	3.20896608269	3.22647411825	3.48522813603	3.46772010047	2.92774097623	3.55309008353	3.55665670746	
3.29433606575	3.09306920777	3.22647411825	3.36933126111	3.46772010047	2.92774097623	3.55309008353	3.49916954766	
3.28131720944	2.96415347654	3.34237099318	3.25343438619	3.46772010047	2.92774097623	3.62451865496	3.4816615121	
3.28131720944	2.95113462023	3.4582678681	3.13753751127	3.45470124417	2.92774097623	3.62451865496	3.46415347654	
3.28131720944	2.95113462023	3.57416474302	3.13753751127	3.55309008353	2.92774097623	3.68200581476	3.39629152905	
3.28131720944	2.96415347654	3.52969643953	3.12451865496	3.55309008353	2.92774097623	3.75343438619	3.33880436924	
3.32578551294	2.96415347654	3.48522813603	3.12451865496	3.65147892289	2.99560292373	3.75343438619	3.31184410131	
3.38327267274	2.95113462023	3.36933126111	3.10112501096	3.68200581476	3.12451865496	3.75343438619	3.35274578087	
3.44075983254	2.92774097623	3.31184410131	3.12451865496	3.79790268968	3.25343438619	3.63753751127	3.21345526195	
3.42325179698	2.92774097623	3.18292837008	3.00862178004	3.82486295762	3.36933126111	3.59306920777	3.07416474302	
3.39272490511	2.92774097623	3.15240147821	2.89272490511	3.85182322555	3.35182322555	3.6644977792	2.94524901179	
3.26380917388	2.95470124417	3.25079031758	2.76380917388	3.80735492206	3.32129633368	3.73592635063	2.87382044036	
3.13489344265	2.9816615121	3.27775058551	2.76380917388	3.74986776226	3.32129633368	3.63753751127	2.93130760017	
2.99560292373	3.0391486719	3.27775058551	2.75079031758	3.72290749432	3.25343438619	3.68200581476	2.99916954766	
2.92774097623	2.96265904869	3.27775058551	2.72739667357	3.62451865496	3.12451865496	3.72647411825	3.06703149516	
2.92774097623	2.90517188888	3.25079031758	2.8563124048	3.68200581476	2.97660046031	3.72647411825	3.03650460329	
2.99560292373	2.84768472908	3.28131720944	2.98522813603	3.78039465412	2.91911330051	3.69951385032	2.99560292373	
3.03650460329	2.76380917388	3.28131720944	3.0836169754	3.70896608269	2.99054187194	3.60112501096	2.92774097623	
3.16542033452	2.69594722639	3.41023294067	3.05309008353	3.70896608269	2.99054187194	3.48522813603	2.9007807083	
3.19594722639	2.69594722639	3.28131720944	3.03408762011	3.72647411825	2.99054187194	3.44075983254	2.87382044036	
3.22647411825	2.67347613771	3.16542033452	3.05309008353	3.84237099318	2.99054187194	3.44075983254	2.79733081715	
3.18200581476	2.70632201408	3.0495234596	3.07059811909	3.77094242175	2.83523774531	3.5391486719	2.77832835373	
3.18200581476	2.76380917388	3.06703149516	3.08810615465	3.74398215381	2.70632201408	3.56610893984	2.79733081715	
3.18200581476	2.82129633368	3.05401263885	3.07059811909	3.84237099318	2.67347613771	3.52164063634	2.79733081715	
3.18200581476	2.84768472908	3.05401263885	3.14202669052	3.94075983254	2.66310135001	3.5391486719	2.74780146186	
3.18200581476	2.84768472908	3.05401263885	3.0261298156	4.0391486719	2.66310135001	3.5261298156	2.7068997823	
3.15147892289	2.84768472908	3.05401263885	2.97660046031	4.13753751127	2.66310135001	3.39721408437	2.78338940552	
3.13846006659	2.84768472908	3.11149979865	2.95320681631	4.1644977792	2.66310135001	3.37970604881	2.93130760017	
3.10793317472	2.84768472908	3.16898695845	2.97071485187	4.1644977792	2.75343438619	3.47809488817	3.07059811909	
3.23684890595	2.89721408437	3.22647411825	3.02024420715	4.09306920777	2.79790268968	3.37970604881	3.20988863801	
3.36576463718	2.92774097623	3.18200581476	3.04363785116	4.09306920777	2.84237099318	3.28131720944	3.20988863801	
3.49468036841	2.92774097623	3.12451865496	3.0261298156	4.09306920777	2.92624654838	3.14202669052	3.20988863801	
3.51218840397	2.92774097623	3.06703149516	2.97660046031	3.99468036841	2.92624654838	3.14202669052	3.20988863801	
3.55665670746	2.92774097623	3.06703149516	2.97660046031	3.96772010047	2.95320681631	3.14202669052	3.34917915694	
3.52969643953	2.95113462023	3.08005035146	2.99560292373	3.89629152905	2.92624654838	3.14202669052	3.42060772837	
3.51218840397	2.96415347654	3.09306920777	2.96358160401	3.89629152905	2.84237099318	2.99410849587	3.42060772837	
3.51218840397	2.96415347654	3.09306920777	2.97220927973	3.79790268968	2.76588136996	2.95320681631	3.47809488817	
3.52969643953	2.95113462023	3.09306920777	2.97220927973	3.69951385032	2.83730994139	2.92267992444	3.46772010047	
3.52969643953	3.06703149516	3.09306920777	2.96358160401	3.77094242175	2.98522813603	2.92267992444	3.47809488817	
3.52969643953	3.06703149516	3.08005035146	2.97220927973	3.77094242175	2.99261406802	2.92267992444	3.42060772837	
3.52969643953	3.06703149516	3.06703149516	2.97220927973	3.74398215381	2.98522813603	2.92267992444	3.28131720944	
3.55665670746	3.06703149516	3.05401263885	2.96358160401	3.74398215381	3.02463538774	2.99916954766	3.21345526195	
3.5836169754	3.05665670746	3.05401263885	2.97220927973	3.84237099318	3.04802903174	3.04007122722	3.14559331445	
3.61057724333	3.0261298156	3.05401263885	2.8329187608	3.84237099318	3.04802903174	3.07059811909	3.14559331445	
3.68200581476	3.12451865496	3.15240147821	2.68500056616	3.84237099318	3.02463538774	3.11149979865	3.14559331445	
3.69951385032	3.11149979865	3.28131720944	2.53708237151	3.77094242175	3.02463538774	3.24041552988	3.14559331445	
3.5836169754	3.03501017543	3.28131720944	2.48755301623	3.67255358239	3.06910369123	3.33880436924	2.99767511981	
3.65504554683	2.96714822794	3.41023294067	2.63547121087	3.67255358239	3.06910369123	3.43719320861	2.84975692516	
3.68200581476	2.99410849587	3.43719320861	2.7068997823	3.67255358239	3.06910369123	3.43719320861	2.99767511981	
3.69951385032	3.00273617159	3.43719320861	2.77832835373	3.60112501096	3.06910369123	3.39272490511	2.99767511981	
3.69951385032	2.99410849587	3.39629152905	2.77832835373	3.5836169754	3.11863304652	3.29433606575	2.99767511981	
3.69951385032	2.99410849587	3.43719320861	2.85481797695	3.56610893984	3.15953472608	3.31184410131	3.0655370673	
3.69951385032	2.85481797695	3.45470124417	2.85481797695	3.5391486719	3.298825245	3.31184410131	3.20482758623	
3.69951385032	2.69951385032	3.49916954766	3.00273617159	3.49468036841	3.42774097623	3.32486295762	3.35274578087	
3.69951385032	2.69951385032	3.51218840397	3.14202669052	3.49468036841	3.5261298156	3.32486295762	3.25435694151	
3.68200581476	2.69951385032	3.39629152905	3.14202669052	3.46772010047	3.62451865496	3.32486295762	3.18292837008	
3.68200581476	2.69951385032	3.29790268968	3.21345526195	3.51218840397	3.49560292373	3.31184410131	3.11149979865	
3.65504554683	2.74041552988	3.18200581476	3.28488383338	3.52969643953	3.39721408437	3.31184410131	3.11149979865	
3.62808527889	2.87970604881	3.18200581476	3.4241743523	3.52969643953	3.32578551294	3.31184410131	3.15240147821	
3.62808527889	3.03501017543	3.22647411825	3.4920362998	3.52969643953	3.22739667357	3.31184410131	3.28131720944	
3.62808527889	2.99410849587	3.24398215381	3.5495234596	3.62808527889	3.20988863801	3.31184410131	3.31184410131	
3.49916954766	3.04363785116	3.26149018937	3.5495234596	3.61057724333	3.20988863801	3.31184410131	3.19594722639	
3.45470124417	3.06703149516	3.26149018937	3.5495234596	3.61057724333	3.20988863801	3.31184410131	3.08005035146	
3.45470124417	3.06703149516	3.35987902874	3.56703149516	3.61057724333	3.20988863801	3.32486295762	3.00862178004	
3.5836169754	3.07740628285	3.35987902874	3.69594722639	3.72647411825	3.24041552988	3.32486295762	2.91023294067	
3.69951385032	3.00954433536	3.35987902874	3.75343438619	3.82486295762	3.24041552988	3.32486295762	2.92325179698	
3.65504554683	2.87025381643	3.4582678681	3.75343438619	3.75343438619	3.19951385032	3.32486295762	2.92325179698	
3.62451865496	2.73096329751	3.4582678681	3.79790268968	3.75343438619	3.19951385032	3.42325179698	2.92325179698	
3.6070106194	2.58304510286	3.42774097623	3.79790268968	3.65504554683	3.20988863801	3.46772010047	2.92325179698	
3.6070106194	2.43512690822	3.38327267274	3.75343438619	3.61057724333	3.18649499401	3.48522813603	2.91023294067	
3.53558204797	2.43512690822	3.38327267274	3.75343438619	3.55309008353	3.13696563873	3.46772010047	2.89721408437	
3.53558204797	2.43512690822	3.51218840397	3.72290749432	3.51218840397	3.11057724333	3.45470124417	2.89721408437	
3.40666631674	2.4161244448	3.51218840397	3.62451865496	3.48016708425	3.04720447509	3.43719320861	2.99560292373	
3.37970604881	2.43512690822	3.61057724333	3.58005035146	3.32486295762	2.95113462023	3.30827747738	3.09399176309	
3.41023294067	2.43512690822	3.63753751127	3.52256319166	3.23452992144	2.84990366109	3.16898695845	3.19238060245	
3.33880436924	2.43512690822	3.61057724333	3.38327267274	3.13846006659	2.74398215381	3.07059811909	3.13489344265	
3.33880436924	2.4161244448	3.56610893984	3.23535447809	2.96580053601	2.67823023134	3.07059811909	2.99560292373	
3.19951385032	2.4161244448	3.50862178004	3.08005035146	2.78845045731	2.49261406802	3.01311095929	2.96864265579	
3.19951385032	2.4161244448	3.36933126111	3.04720447509	2.67823023134	2.30331442426	3.01311095929	2.91911330051	
3.24398215381	2.4161244448	3.29284163789	2.99560292373	2.57984139197	2.11057724333	3.11149979865	2.92774097623	
3.28845045731	2.56404263945	3.25343438619	2.82294339315	2.57984139197	1.91461766114	3.25079031758	2.93811576393	
3.31184410131	2.71196083409	3.20756965351	2.64559331445	2.57984139197	1.71562545669	3.37970604881	2.93811576393	
3.31184410131	2.85987902874	3.04007122722	2.46394451705	2.50841282055	1.51376928778	3.25079031758	2.93811576393	
3.28845045731	2.85125135302	3.06703149516	2.27832835373	2.49090478499	1.3092000327	3.18292837008	2.96864265579	
3.31184410131	2.85125135302	3.09399176309	2.08902870997	2.49090478499	1.20044230132	3.31184410131	3.0261298156	
3.31184410131	2.72233562179	3.12095203103	1.89629152905	2.60680165991	1.08923007884	3.44075983254	3.09399176309	
3.24398215381	2.65090705036	3.19238060245	1.79872078622	2.63376192784	1.08923007884	3.58005035146	3.09399176309	
3.19951385032	2.57947847893	3.19238060245	1.71562545669	2.63376192784	1.08923007884	3.69594722639	3.09399176309	
3.15504554683	2.65596810215	3.12095203103	1.71562545669	2.81541072524	1.08923007884	3.69594722639	3.12451865496	
3.17255358239	2.78488383338	3.12095203103	1.61723661733	2.91379956461	1.20044230132	3.62451865496	3.15504554683	
3.17255358239	2.9007807083	3.09399176309	1.5013397424	2.98522813603	1.29883114069	3.62451865496	3.15504554683	
3.17255358239	2.99916954766	2.99560292373	1.41538044842	2.91379956461	1.37025971212	3.62451865496	3.15504554683	
3.21702188588	3.12808527889	3.06703149516	1.5013397424	2.84237099318	1.37025971212	3.69594722639	3.25343438619	
3.14559331445	3.26737579782	3.13846006659	1.58443507194	2.77094242175	1.37025971212	3.75343438619	3.29790268968	
3.19006161795	3.26737579782	3.30595849287	1.70033194686	2.74398215381	1.29883114069	3.78039465412	3.29790268968	
3.19006161795	3.26737579782	3.19006161795	1.81622882178	2.82294339315	1.37025971212	3.87878349349	3.29790268968	
3.23096329751	3.26737579782	3.07416474302	1.91461766114	2.99560292373	1.50597771142	3.95021206491	3.29790268968	
3.23096329751	3.40666631674	2.94524901179	2.01300650051	3.16310135001	1.71054696651	3.96772010047	3.29790268968	
3.23096329751	3.45113462023	2.94524901179	2.11139533987	3.32486295762	1.91240313542	4.01218840397	3.29790268968	
3.19006161795	3.50862178004	3.01667758322	2.1828239113	3.36427020932	2.03996676844	4.01218840397	3.25343438619	
3.21345526195	3.56610893984	3.08810615465	2.28039465412	3.39629152905	2.1644977792	4.01218840397	3.13753751127	
3.16898695845	3.5391486719	3.08810615465	2.37474299568	3.53558204797	2.2858063887	4.01218840397	3.00862178004	
3.10112501096	3.63753751127	3.24986776226	2.49261406802	3.6644977792	2.2858063887	3.94075983254	2.87970604881	
3.04363785116	3.75343438619	3.27625615765	2.56233335641	3.68200581476	2.2858063887	4.01218840397	2.89721408437	
2.91472211993	3.86933126111	3.35274578087	2.62808527889	3.78039465412	2.2858063887	4.0391486719	2.88419522806	
2.91472211993	3.86933126111	3.42060772837	2.70704651823	3.85182322555	2.2858063887	4.01218840397	2.88419522806	
2.87382044036	3.86933126111	3.41023294067	2.75079031758	3.78039465412	2.2858063887	4.01218840397	2.88419522806	
2.8329187608	3.85182322555	3.38683929667	2.84686017243	3.72290749432	2.37671719309	3.96772010047	2.88419522806	
2.78338940552	3.82486295762	3.41379956461	3.00862178004	3.74041552988	2.46394451705	3.98522813603	2.76829835314	
2.85125135302	3.79790268968	3.48522813603	3.09249733524	3.81184410131	2.54720447509	3.96772010047	2.74490470913	
2.99054187194	3.79790268968	3.41379956461	3.14202669052	3.69594722639	2.60865767887	4.01218840397	2.70400302957	
3.13846006659	3.79790268968	3.31541072524	3.20988863801	3.55665670746	2.68292837008	4.01218840397	2.71702188588	
3.26737579782	3.79790268968	3.31541072524	3.22290749432	3.44075983254	2.752037957	3.94075983254	2.74041552988	
3.32486295762	3.69951385032	3.38683929667	3.19951385032	3.50862178004	2.81541072524	3.84237099318	2.74041552988	
3.32486295762	3.69951385032	3.5261298156	3.16898695845	3.47809488817	2.85481797695	3.74398215381	2.71702188588	
3.26737579782	3.69951385032	3.59399176309	3.14202669052	3.47809488817	2.88683929667	3.62808527889	2.8329187608	
3.13846006659	3.69951385032	3.72290749432	3.16542033452	3.47809488817	2.91023294067	3.51218840397	2.97220927973	
3.06197044337	3.74398215381	3.85182322555	3.22290749432	3.47809488817	2.89721408437	3.5391486719	3.11149979865	
3.07059811909	3.77094242175	3.89629152905	3.26737579782	3.47809488817	2.89721408437	3.5391486719	3.15596810215	
3.07059811909	3.69951385032	3.89629152905	3.26737579782	3.47809488817	2.89721408437	3.63753751127	3.28488383338	
2.99410849587	3.60112501096	3.92325179698	3.26737579782	3.47809488817	2.8666871925	3.70896608269	3.38327267274	
2.92624654838	3.57416474302	3.82486295762	3.28488383338	3.47809488817	2.83616030063	3.82486295762	3.32578551294	
2.84975692516	3.57416474302	3.76737579782	3.28488383338	3.47809488817	2.82578551294	3.82486295762	3.32578551294	
2.69445279853	3.57416474302	3.79790268968	3.29790268968	3.42060772837	2.70988863801	3.75343438619	3.30827747738	
2.54653460389	3.57416474302	3.78039465412	3.18200581476	3.28131720944	2.74041552988	3.65504554683	3.40666631674	
2.54653460389	3.57416474302	3.79790268968	3.12451865496	3.14202669052	2.78131720944	3.65504554683	3.47809488817	
2.69445279853	3.57416474302	3.79790268968	3.08005035146	3.07416474302	2.78131720944	3.62808527889	3.52256319166	
2.84975692516	3.57416474302	3.69951385032	2.96415347654	3.0655370673	2.78131720944	3.69951385032	3.65147892289	
2.99767511981	3.52969643953	3.69951385032	2.96415347654	2.99410849587	2.76829835314	3.79790268968	3.78039465412	
3.0655370673	3.51218840397	3.68200581476	2.94075983254	2.92267992444	2.8666871925	3.72647411825	3.87878349349	
3.14202669052	3.41379956461	3.6644977792	2.92774097623	2.7747617298	2.8666871925	3.65504554683	3.99468036841	
3.20988863801	3.34237099318	3.6070106194	2.92774097623	2.7747617298	2.88419522806	3.75343438619	3.99468036841	
3.33880436924	3.24398215381	3.6070106194	2.91023294067	2.63547121087	2.8666871925	3.62451865496	4.11057724333	
3.47809488817	3.14559331445	3.67843919083	2.92774097623	2.63547121087	2.798825245	3.62451865496	4.11057724333	
3.6070106194	3.14559331445	3.67843919083	2.91472211993	2.48755301623	2.65953472608	3.50862178004	3.99468036841	
3.72290749432	3.14559331445	3.72290749432	2.91472211993	2.56404263945	2.63614108208	3.4816615121	3.95021206491	
3.78039465412	3.14559331445	3.79433606575	2.91472211993	2.61357199473	2.58661172679	3.38327267274	3.92325179698	
3.78039465412	3.16310135001	3.72290749432	2.91472211993	2.58661172679	2.53708237151	3.25435694151	3.96772010047	
3.78039465412	3.16310135001	3.72290749432	2.93811576393	2.63614108208	2.48755301623	3.26737579782	4.0836169754	
3.70896608269	3.14559331445	3.65147892289	2.92774097623	2.65953472608	2.53708237151	3.26737579782	4.01218840397	
3.6644977792	3.14559331445	3.53558204797	2.88683929667	2.798825245	2.52969643953	3.38327267274	4.01218840397	
3.6644977792	3.14559331445	3.53558204797	2.98522813603	2.68292837008	2.53708237151	3.45470124417	4.11057724333	
3.78039465412	3.11506642258	3.53558204797	2.97220927973	2.70632201408	2.53708237151	3.4816615121	4.13753751127	
3.79790268968	3.21345526195	3.59306920777	3.11149979865	2.70632201408	2.58661172679	3.41023294067	4.13753751127	
3.79790268968	3.31184410131	3.53558204797	3.25079031758	2.70632201408	2.63614108208	3.41023294067	4.11057724333	
3.79790268968	3.38327267274	3.40666631674	3.25079031758	2.70632201408	2.63614108208	3.41023294067	4.11057724333	
3.79790268968	3.45470124417	3.34917915694	3.25079031758	2.70632201408	2.63614108208	3.41023294067	4.01218840397	
3.81541072524	3.5261298156	3.34917915694	3.11149979865	2.70632201408	2.63614108208	3.5391486719	4.01218840397	
3.84237099318	3.5261298156	3.34917915694	3.14202669052	2.83523774531	2.63614108208	3.65504554683	3.96772010047	
3.94075983254	3.5261298156	3.47809488817	3.18292837008	2.96415347654	2.63614108208	3.75343438619	3.96772010047	
3.96772010047	3.41023294067	3.6070106194	3.19594722639	3.09306920777	2.63614108208	3.77094242175	3.96772010047	
3.92325179698	3.41023294067	3.6644977792	3.18292837008	3.08005035146	2.58661172679	3.79790268968	3.96772010047	
3.89629152905	3.41023294067	3.68200581476	3.18292837008	3.19594722639	2.53708237151	3.78039465412	3.92325179698	
3.89629152905	3.41023294067	3.68200581476	3.24041552988	3.31184410131	2.48755301623	3.68200581476	3.80735492206	
3.89629152905	3.41023294067	3.68200581476	3.27094242175	3.33880436924	2.40367746103	3.70896608269	3.87878349349	
3.82486295762	3.5261298156	3.72647411825	3.24041552988	3.29790268968	2.39629152905	3.70896608269	3.80735492206	
3.84237099318	3.55309008353	3.75343438619	3.20988863801	3.29790268968	2.45320681631	3.59306920777	3.73592635063	
3.86933126111	3.58005035146	3.86933126111	3.20988863801	3.34237099318	2.35481797695	3.52164063634	3.73592635063	
3.86933126111	3.65147892289	3.86933126111	3.20988863801	3.34237099318	2.43869353215	3.52164063634	3.63753751127	
3.86933126111	3.76737579782	3.86933126111	3.14202669052	3.31541072524	2.38916417687	3.52164063634	3.5391486719	
3.86933126111	3.76737579782	3.77094242175	3.09755838702	3.28338940552	2.38916417687	3.52164063634	3.44075983254	
3.84237099318	3.76737579782	3.65504554683	3.0655370673	3.35987902874	2.43869353215	3.52164063634	3.44075983254	
3.81541072524	3.76737579782	3.5391486719	3.08453953072	3.4582678681	2.48822288743	3.52164063634	3.44075983254	
3.77094242175	3.89629152905	3.49468036841	3.07416474302	3.59755838702	2.63614108208	3.52164063634	3.44075983254	
3.65504554683	3.92325179698	3.49468036841	3.0655370673	3.62451865496	2.775431601	3.46415347654	3.48522813603	
3.5391486719	3.89629152905	3.61057724333	3.08453953072	3.62451865496	2.91472211993	3.43719320861	3.48522813603	
3.44075983254	3.89629152905	3.72647411825	3.04363785116	3.62451865496	2.91472211993	3.41023294067	3.48522813603	
3.55665670746	3.89629152905	3.77094242175	3.11149979865	3.58005035146	2.87382044036	3.41023294067	3.36933126111	
3.60112501096	3.92325179698	3.75343438619	3.24041552988	3.50862178004	2.91472211993	3.41023294067	3.36933126111	
3.48522813603	3.89272490511	3.72647411825	3.26737579782	3.4816615121	2.90434733223	3.35274578087	3.36933126111	
3.48522813603	3.92325179698	3.69951385032	3.30827747738	3.4816615121	2.92774097623	3.28488383338	3.25343438619	
3.46772010047	3.89629152905	3.62808527889	3.16898695845	3.38327267274	2.92774097623	3.24041552988	3.12451865496	
3.51218840397	3.79790268968	3.65504554683	3.05309008353	3.26737579782	2.92774097623	3.25343438619	2.99560292373	
3.55665670746	3.72647411825	3.75343438619	2.95470124417	3.26737579782	2.91472211993	3.17694476297	2.95113462023	
3.60112501096	3.62808527889	3.70896608269	2.8563124048	3.31184410131	3.04363785116	3.11945760317	2.96415347654	
3.62808527889	3.49916954766	3.6644977792	2.8563124048	3.44075983254	3.18292837008	3.11945760317	2.96415347654	
3.65504554683	3.38327267274	3.6644977792	2.82578551294	3.41379956461	3.28131720944	3.09306920777	2.95113462023	
3.55665670746	3.26737579782	3.6644977792	2.9241743523	3.39629152905	3.25792356544	3.11945760317	2.93811576393	
3.55665670746	3.24986776226	3.59306920777	3.04007122722	3.41379956461	3.298825245	3.23535447809	2.91472211993	
3.65504554683	3.18200581476	3.56610893984	3.17936174615	3.41379956461	3.28131720944	3.25435694151	3.01311095929	
3.72647411825	3.16898695845	3.68200581476	3.30827747738	3.41379956461	3.28131720944	3.28131720944	2.97220927973	
3.72647411825	3.18649499401	3.72647411825	3.37970604881	3.41379956461	3.29433606575	3.42060772837	2.93130760017	
3.72647411825	3.25435694151	3.74398215381	3.37970604881	3.51218840397	3.22647411825	3.5495234596	2.97220927973	
3.72647411825	3.20988863801	3.62808527889	3.36933126111	3.61057724333	3.19594722639	3.67843919083	3.01311095929	
3.72647411825	3.07059811909	3.69951385032	3.37970604881	3.61057724333	3.19594722639	3.73592635063	3.05401263885	
3.72647411825	2.93130760017	3.5836169754	3.37970604881	3.51218840397	3.17694476297	3.63753751127	3.06703149516	
3.69951385032	2.81541072524	3.56610893984	3.36933126111	3.51218840397	3.19594722639	3.50862178004	3.12451865496	
3.67255358239	2.69951385032	3.61057724333	3.37970604881	3.46772010047	3.18292837008	3.45113462023	3.18200581476	
3.64559331445	2.74041552988	3.72647411825	3.34917915694	3.5391486719	3.18292837008	3.42060772837	3.22647411825	
3.62808527889	2.75079031758	3.77094242175	3.34917915694	3.5836169754	3.18292837008	3.35274578087	3.22647411825	
3.5836169754	2.72739667357	3.77094242175	3.34917915694	3.61057724333	3.31184410131	3.21345526195	3.22647411825	
3.46772010047	2.798825245	3.75343438619	3.34917915694	3.5391486719	3.18292837008	3.07416474302	3.22647411825	
3.41023294067	2.65953472608	3.75343438619	3.37970604881	3.65504554683	3.11149979865	3.07416474302	3.16898695845	
3.50862178004	2.63614108208	3.72647411825	3.41023294067	3.77094242175	3.01311095929	3.11506642258	3.11149979865	
3.6070106194	2.63614108208	3.65504554683	3.41023294067	3.72647411825	2.99560292373	3.10643874686	3.06703149516	
3.73592635063	2.63614108208	3.65504554683	3.37970604881	3.82486295762	3.01311095929	2.99054187194	3.08005035146	
3.78039465412	2.63614108208	3.72647411825	3.25079031758	3.82486295762	3.15240147821	2.83523774531	3.09306920777	
3.78039465412	2.63614108208	3.72647411825	3.25079031758	3.86933126111	3.25079031758	2.83523774531	3.09306920777	
3.85182322555	2.63614108208	3.72647411825	3.25079031758	3.94075983254	3.30827747738	2.83523774531	3.09306920777	
3.85182322555	2.58661172679	3.61057724333	3.28131720944	3.96772010047	3.30827747738	2.83523774531	3.08005035146	
3.89629152905	2.53708237151	3.51218840397	3.28131720944	3.99468036841	3.30827747738	2.83523774531	3.06703149516	
3.82486295762	2.48755301623	3.51218840397	3.28131720944	3.99468036841	3.30827747738	2.99054187194	3.08005035146	
3.82486295762	2.63547121087	3.46772010047	3.28131720944	3.96772010047	3.20988863801	3.11945760317	3.09306920777	
3.82486295762	2.78338940552	3.43719320861	3.31184410131	3.89629152905	3.08097290678	3.11945760317	3.08005035146	
3.82486295762	2.93130760017	3.56610893984	3.32486295762	3.89629152905	3.01311095929	3.11945760317	3.12451865496	
3.82486295762	2.85481797695	3.68200581476	3.20896608269	3.92325179698	2.97220927973	3.11945760317	3.16898695845	
3.82486295762	2.82785770901	3.72647411825	3.08005035146	3.89629152905	2.97220927973	2.99054187194	3.19594722639	
3.82486295762	2.89571965651	3.72647411825	2.95113462023	3.86933126111	2.97220927973	3.04802903174	3.06703149516	
3.82486295762	3.03501017543	3.72647411825	2.822218889	3.84237099318	3.01311095929	2.97660046031	3.03650460329	
3.78039465412	3.18292837008	3.72647411825	2.68292837008	3.74398215381	3.03650460329	2.84768472908	3.03650460329	
3.76737579782	3.20988863801	3.72647411825	2.54363785116	3.64559331445	3.06703149516	2.71876899785	3.06703149516	
3.72290749432	3.27775058551	3.68200581476	2.54363785116	3.60112501096	3.06703149516	2.56346487123	3.06703149516	
3.72290749432	3.33523774531	3.61057724333	2.68292837008	3.48522813603	3.06703149516	2.4241743523	3.06703149516	
3.72290749432	3.36576463718	3.61057724333	2.822218889	3.36933126111	3.05401263885	2.46507603186	3.06703149516	
3.85182322555	3.29790268968	3.61057724333	2.95113462023	3.29790268968	3.06703149516	2.52199131913	3.04007122722	
3.89629152905	3.24041552988	3.55309008353	2.95113462023	3.29790268968	3.08005035146	2.51161653143	2.99560292373	
3.92325179698	3.20988863801	3.55309008353	2.95113462023	3.32486295762	3.0391486719	2.48522813603	2.95113462023	
3.96772010047	3.25079031758	3.62451865496	2.93811576393	3.42325179698	3.0261298156	2.64053226266	3.00862178004	
4.06610893984	3.30827747738	3.75343438619	2.93811576393	3.52164063634	2.91023294067	2.75642913759	3.06610893984	
4.13753751127	3.20988863801	3.78039465412	2.95113462023	3.63753751127	2.91023294067	2.87232601251	3.11057724333	
4.13753751127	3.19951385032	3.70896608269	2.96415347654	3.65504554683	2.95113462023	2.90434733223	3.11057724333	
4.0391486719	3.20988863801	3.70896608269	2.96415347654	3.67255358239	2.95113462023	3.04363785116	3.09755838702	
3.94075983254	3.33880436924	3.61057724333	2.95113462023	3.67255358239	2.96415347654	3.11149979865	3.09755838702	
3.91379956461	3.33880436924	3.5391486719	2.92774097623	3.55665670746	2.96415347654	3.16898695845	3.09755838702	
3.79790268968	3.39629152905	3.41023294067	2.92774097623	3.5391486719	2.83523774531	3.16898695845	3.09755838702	
3.72647411825	3.44075983254	3.39272490511	2.92774097623	3.55665670746	2.83523774531	3.16898695845	3.09755838702	
3.65504554683	3.4582678681	3.41023294067	2.90434733223	3.52969643953	2.70632201408	3.16898695845	3.12808527889	
3.61057724333	3.4582678681	3.41023294067	2.90434733223	3.57416474302	2.68292837008	3.18200581476	3.14559331445	
3.56610893984	3.48522813603	3.44075983254	3.04363785116	3.52969643953	2.66990951377	3.22647411825	3.14559331445	
3.52164063634	3.5836169754	3.44075983254	3.14202669052	3.48522813603	2.68292837008	3.24398215381	3.12808527889	
3.50862178004	3.69951385032	3.44075983254	3.24041552988	3.48522813603	2.70632201408	3.26149018937	3.11057724333	
3.55309008353	3.65504554683	3.42325179698	3.36933126111	3.48522813603	2.70632201408	3.26149018937	3.06610893984	
3.59755838702	3.63753751127	3.32486295762	3.29284163789	3.46772010047	2.70632201408	3.26149018937	3.06610893984	
3.72647411825	3.75343438619	3.22647411825	3.23535447809	3.33880436924	2.70632201408	3.26149018937	3.05309008353	
3.79790268968	3.86933126111	3.11057724333	3.19594722639	3.43719320861	2.70632201408	3.26149018937	3.04007122722	
3.86933126111	3.89629152905	3.11057724333	3.15504554683	3.30827747738	2.70632201408	3.24398215381	3.04007122722	
3.79790268968	3.89629152905	3.11057724333	3.15504554683	3.17936174615	2.70632201408	3.21345526195	3.04007122722	
3.86933126111	3.79790268968	3.11057724333	3.15504554683	3.13489344265	2.70632201408	3.22647411825	3.04007122722	
3.89629152905	3.77094242175	3.12808527889	3.15504554683	3.15240147821	2.70632201408	3.34237099318	3.04007122722	
3.94075983254	3.74398215381	3.22647411825	3.15504554683	3.15240147821	2.70632201408	3.4582678681	3.04007122722	
3.96772010047	3.74398215381	3.32486295762	3.0391486719	3.25079031758	2.70632201408	3.55665670746	3.04007122722	
3.96772010047	3.77094242175	3.42325179698	2.94075983254	3.34917915694	2.70632201408	3.55665670746	3.04007122722	
3.96772010047	3.75343438619	3.39629152905	2.94075983254	3.47809488817	2.70632201408	3.55665670746	3.04007122722	
3.96772010047	3.75343438619	3.41379956461	3.05665670746	3.6070106194	2.70632201408	3.55665670746	3.16898695845	
3.99468036841	3.75343438619	3.44075983254	3.15504554683	3.73592635063	2.68292837008	3.55665670746	3.29790268968	
3.96772010047	3.77094242175	3.39629152905	3.0836169754	3.6070106194	2.66990951377	3.49916954766	3.39629152905	
3.86933126111	3.77094242175	3.35182322555	3.0836169754	3.50862178004	2.65090705036	3.5261298156	3.36576463718	
3.77094242175	3.79790268968	3.35182322555	3.22290749432	3.50862178004	2.65090705036	3.5261298156	3.33523774531	
3.77094242175	3.89629152905	3.35182322555	3.26231474603	3.50862178004	2.66990951377	3.55665670746	3.33523774531	
3.79790268968	3.99468036841	3.28039465412	3.29284163789	3.62451865496	2.68292837008	3.49916954766	3.33523774531	
3.82486295762	4.06610893984	3.28039465412	3.44075983254	3.62451865496	2.70632201408	3.4816615121	3.33523774531	
3.92325179698	4.06610893984	3.29790268968	3.48522813603	3.62451865496	2.68292837008	3.4816615121	3.33523774531	
3.92325179698	3.96772010047	3.41379956461	3.50862178004	3.62451865496	2.65953472608	3.51218840397	3.33523774531	
3.82486295762	3.96772010047	3.51218840397	3.53558204797	3.65147892289	2.52024420715	3.52969643953	3.33523774531	
3.82486295762	4.0391486719	3.51218840397	3.59306920777	3.67843919083	2.48822288743	3.41379956461	3.27775058551	
3.82486295762	4.06610893984	3.51218840397	3.70896608269	3.80735492206	2.43869353215	3.28488383338	3.20988863801	
3.82486295762	3.99468036841	3.51218840397	3.72647411825	3.78039465412	2.46208717615	3.21345526195	3.14202669052	
3.82486295762	3.99468036841	3.51218840397	3.62808527889	3.75343438619	2.49410849587	3.28488383338	3.14202669052	
3.79790268968	3.96772010047	3.62808527889	3.52969643953	3.75343438619	2.54363785116	3.3563124048	3.14202669052	
3.79790268968	3.96772010047	3.74398215381	3.52969643953	3.75343438619	2.54363785116	3.3563124048	3.14202669052	
3.79790268968	3.94075983254	3.81541072524	3.64559331445	3.75343438619	2.55401263885	3.4007807083	3.14202669052	
3.78039465412	3.82486295762	3.81541072524	3.62808527889	3.75343438619	2.57740628285	3.52969643953	3.20988863801	
3.6644977792	3.72647411825	3.81541072524	3.62808527889	3.68200581476	2.57740628285	3.62808527889	3.20988863801	
3.6644977792	3.61057724333	3.81541072524	3.60112501096	3.65504554683	2.70632201408	3.61057724333	3.18292837008	
3.59306920777	3.61057724333	3.81541072524	3.57059811909	3.65504554683	2.70632201408	3.62808527889	3.10643874686	
3.59306920777	3.58005035146	3.81541072524	3.5836169754	3.77094242175	2.70632201408	3.69951385032	3.10643874686	
3.56610893984	3.53558204797	3.79790268968	3.68200581476	3.77094242175	2.70632201408	3.79790268968	3.10643874686	
3.5836169754	3.53558204797	3.68200581476	3.75343438619	3.69951385032	2.76380917388	3.89629152905	2.95113462023	
3.60112501096	3.53558204797	3.61057724333	3.77094242175	3.62808527889	2.79433606575	3.94075983254	2.81184410131	
3.55665670746	3.53558204797	3.68200581476	3.84237099318	3.69951385032	2.79433606575	3.94075983254	2.91023294067	
3.5391486719	3.53558204797	3.70896608269	3.77094242175	3.62808527889	2.78131720944	3.94075983254	3.0655370673	
3.52164063634	3.50862178004	3.70896608269	3.67255358239	3.74398215381	2.75792356544	3.94075983254	2.99410849587	
3.52164063634	3.50862178004	3.70896608269	3.65504554683	3.84237099318	2.70839421016	3.94075983254	2.83880436924	
3.52164063634	3.50862178004	3.65147892289	3.64202669052	3.94075983254	2.66898695845	3.94075983254	2.6908861746	
3.63753751127	3.47809488817	3.5836169754	3.60112501096	3.94075983254	2.57865392228	3.94075983254	2.76737579782	
3.61057724333	3.34917915694	3.50712735218	3.55159565567	3.96772010047	2.50954433536	3.86933126111	2.82486295762	
3.61057724333	3.20988863801	3.40873851282	3.49468036841	3.89629152905	2.43527364414	3.94075983254	2.98016708425	
3.55309008353	3.11149979865	3.27982278159	3.43130760017	3.89629152905	2.38683929667	3.91379956461	2.99054187194	
3.53558204797	3.01311095929	3.31034967345	3.26380917388	3.85182322555	2.32108737419	3.79790268968	3.11945760317	
3.47809488817	3.05401263885	3.15504554683	3.16257821474	3.92325179698	2.2068997823	3.68200581476	3.26737579782	
3.47809488817	3.05401263885	2.99328393922	3.05665670746	3.95021206491	2.08902870997	3.61057724333	3.32486295762	
3.52256319166	3.05401263885	2.82578551294	3.05665670746	3.92325179698	1.89629152905	3.70896608269	3.34237099318	
3.52256319166	3.06703149516	2.75151482172	3.12808527889	3.87878349349	1.70033194686	3.70896608269	3.41023294067	
3.59399176309	3.08005035146	2.57416474302	3.05665670746	3.78039465412	1.5013397424	3.78039465412	3.5261298156	
3.59399176309	3.09306920777	2.4582678681	2.9582678681	3.78039465412	1.41538044842	3.70896608269	3.50862178004	
3.5836169754	3.13753751127	2.4007807083	2.88683929667	3.70896608269	1.3092000327	3.70896608269	3.41023294067	
3.46772010047	3.18200581476	2.28488383338	2.81541072524	3.78039465412	1.20044230132	3.70896608269	3.4816615121	
3.5391486719	3.29790268968	2.28488383338	2.71702188588	3.65147892289	1.08923007884	3.63753751127	3.58005035146	
3.5391486719	3.39629152905	2.28488383338	2.53537308848	3.53558204797	0.948714743868	3.63753751127	3.63753751127	
3.44075983254	3.36576463718	2.4007807083	2.42118549659	3.65147892289	0.948714743868	3.61057724333	3.58005035146	
3.36933126111	3.36576463718	2.52969643953	2.42118549659	3.65147892289	0.948714743868	3.56610893984	3.59755838702	
3.24041552988	3.33880436924	2.64559331445	2.42118549659	3.6070106194	1.16065865027	3.50862178004	3.49916954766	
3.09249733524	3.26737579782	2.74398215381	2.42118549659	3.6070106194	1.2320872217	3.44075983254	3.49916954766	
3.03501017543	3.19951385032	2.85987902874	2.44814576452	3.47809488817	1.30351579313	3.39123047726	3.62808527889	
3.09249733524	3.14202669052	2.85987902874	2.44814576452	3.42060772837	1.2320872217	3.35182322555	3.61057724333	
3.24041552988	3.11149979865	2.9582678681	2.51957433595	3.34917915694	1.44168828354	3.30595849287	3.56610893984	
3.36933126111	3.13846006659	3.05665670746	2.61796317531	3.47809488817	1.44168828354	3.30595849287	3.61057724333	
3.36933126111	2.99054187194	3.23400678616	2.80357933863	3.47809488817	1.57740628285	3.3329187608	3.58005035146	
3.50862178004	2.99054187194	3.23400678616	2.98522813603	3.40666631674	1.78197553794	3.35987902874	3.52256319166	
3.55309008353	3.11945760317	3.30827747738	3.16257821474	3.26737579782	1.98383170684	3.26149018937	3.49560292373	
3.55309008353	3.26737579782	3.47577590366	3.33523774531	3.19594722639	2.1828239113	3.23452992144	3.3563124048	
3.61057724333	3.39629152905	3.56610893984	3.50273617159	3.19594722639	2.30735492206	3.20756965351	3.45470124417	
3.5836169754	3.26737579782	3.72141306647	3.59306920777	3.31184410131	2.50009210298	3.04007122722	3.38683929667	
3.68200581476	3.11945760317	3.79790268968	3.7483733344	3.35274578087	2.59100290738	2.96864265579	3.27094242175	
3.72647411825	2.99054187194	3.89629152905	3.79790268968	3.30827747738	2.70519049927	2.89721408437	3.1230242271	
3.77094242175	2.99054187194	3.86933126111	3.86576463718	3.24041552988	2.81541072524	2.89721408437	3.04653460389	
3.75343438619	2.99054187194	3.86933126111	3.89629152905	3.28488383338	2.92133223252	2.78131720944	3.09606395917	
3.75343438619	2.99054187194	3.93719320861	3.89629152905	3.34237099318	3.09399176309	2.66542033452	3.09606395917	
3.77094242175	2.99054187194	3.99468036841	3.92325179698	3.34237099318	3.26149018937	2.63846006659	3.02463538774	
3.65504554683	2.99054187194	4.01218840397	3.86576463718	3.29284163789	3.42325179698	2.70756965351	2.87671719309	
3.55665670746	2.99054187194	4.01218840397	3.83880436924	3.26588136996	3.57855592361	2.79790268968	2.86933126111	
3.4582678681	2.99054187194	3.96772010047	3.83880436924	3.31541072524	3.65504554683	2.78039465412	2.89571965651	
3.4582678681	2.99054187194	3.96772010047	3.83880436924	3.31541072524	3.67843919083	2.87878349349	2.84619030123	
3.48522813603	2.92267992444	3.94075983254	3.83880436924	3.24398215381	3.70896608269	2.95021206491	2.6908861746	
3.48522813603	2.85481797695	3.96772010047	3.74041552988	3.31541072524	3.72647411825	2.99468036841	2.59249733524	
3.51218840397	2.77094242175	3.89629152905	3.62451865496	3.31541072524	3.69594722639	3.11057724333	2.59249733524	
3.46772010047	2.69445279853	3.89629152905	3.55665670746	3.3563124048	3.66898695845	3.22647411825	2.74780146186	
3.48522813603	2.70183873051	3.89629152905	3.44075983254	3.45470124417	3.79790268968	3.31034967345	2.84619030123	
3.4582678681	2.54653460389	3.91379956461	3.4582678681	3.57059811909	3.89629152905	3.35987902874	2.77832835373	
3.57416474302	2.54653460389	3.86933126111	3.5261298156	3.5836169754	3.89629152905	3.42774097623	2.92624654838	
3.67255358239	2.54653460389	3.75343438619	3.55309008353	3.65504554683	3.86933126111	3.55665670746	3.07416474302	
3.69951385032	2.70183873051	3.63753751127	3.65147892289	3.77094242175	3.86933126111	3.67255358239	3.21345526195	
3.65504554683	2.77832835373	3.50862178004	3.78039465412	3.81541072524	3.86933126111	3.77094242175	3.21345526195	
3.62808527889	2.85481797695	3.37970604881	3.79790268968	3.91379956461	3.79790268968	3.77094242175	3.21345526195	
3.62808527889	2.78338940552	3.25079031758	3.78039465412	3.84237099318	3.72647411825	3.77094242175	3.21345526195	
3.67255358239	2.8329187608	3.15240147821	3.68200581476	3.84237099318	3.77094242175	3.79790268968	3.35274578087	
3.67255358239	2.87382044036	3.01311095929	3.56610893984	3.72647411825	3.77094242175	3.79790268968	3.39364746043	
3.77094242175	2.72590224572	2.99560292373	3.43719320861	3.72647411825	3.74398215381	3.77094242175	3.45113462023	
3.79790268968	2.57798405107	2.97660046031	3.30827747738	3.75343438619	3.74398215381	3.75343438619	3.45113462023	
3.78039465412	2.43869353215	3.10551619154	3.28131720944	3.75343438619	3.77094242175	3.75343438619	3.45113462023	
3.73592635063	2.48822288743	3.25343438619	3.18292837008	3.75343438619	3.77094242175	3.75343438619	3.50862178004	
3.6070106194	2.52024420715	3.36933126111	3.04363785116	3.72647411825	3.75343438619	3.75343438619	3.62451865496	
3.50862178004	2.54363785116	3.29790268968	3.06703149516	3.72647411825	3.77094242175	3.75343438619	3.68200581476	
3.4816615121	2.56703149516	3.34237099318	3.06703149516	3.72647411825	3.77094242175	3.82486295762	3.72647411825	
3.4816615121	2.56703149516	3.41023294067	3.04363785116	3.72647411825	3.77094242175	3.89629152905	3.69594722639	
3.4816615121	2.56703149516	3.5261298156	3.11149979865	3.72647411825	3.67255358239	3.89629152905	3.58005035146	
3.4816615121	2.56703149516	3.4816615121	3.24041552988	3.75343438619	3.55665670746	3.89629152905	3.53558204797	
3.5391486719	2.56703149516	3.45470124417	3.36933126111	3.72647411825	3.44075983254	3.94075983254	3.53558204797	
3.61057724333	2.56703149516	3.45470124417	3.48522813603	3.72647411825	3.42325179698	3.94075983254	3.53558204797	
3.5391486719	2.56703149516	3.47220927973	3.46772010047	3.74398215381	3.42325179698	3.82486295762	3.53558204797	
3.51218840397	2.70632201408	3.3329187608	3.33880436924	3.77094242175	3.42325179698	3.82486295762	3.59306920777	
3.52969643953	2.83523774531	3.23452992144	3.33880436924	3.77094242175	3.42325179698	3.92325179698	3.70896608269	
3.52969643953	2.96415347654	3.21702188588	3.33880436924	3.65504554683	3.42325179698	3.99468036841	3.78039465412	
3.52969643953	2.96415347654	3.1674925306	3.45470124417	3.55665670746	3.42325179698	4.06610893984	3.78039465412	
3.52969643953	2.95113462023	3.1674925306	3.46772010047	3.55665670746	3.42325179698	3.99468036841	3.70896608269	
3.52969643953	2.93811576393	3.26588136996	3.46772010047	3.55665670746	3.32486295762	3.92325179698	3.65147892289	
3.62808527889	2.93811576393	3.41379956461	3.43719320861	3.65504554683	3.19594722639	3.82486295762	3.65147892289	
3.65504554683	2.95113462023	3.51218840397	3.45470124417	3.67255358239	3.06703149516	3.75343438619	3.62451865496	
3.65504554683	2.94075983254	3.62808527889	3.41023294067	3.55665670746	3.06703149516	3.77094242175	3.58005035146	
3.65504554683	2.95113462023	3.76737579782	3.31184410131	3.5391486719	3.04007122722	3.77094242175	3.52256319166	
3.67255358239	2.92774097623	3.72290749432	3.19594722639	3.49468036841	2.99560292373	3.77094242175	3.58005035146	
3.67255358239	2.90434733223	3.74986776226	3.24041552988	3.49468036841	2.95113462023	3.77094242175	3.55665670746	
3.65504554683	2.90434733223	3.87878349349	3.28488383338	3.49468036841	2.83523774531	3.75343438619	3.59755838702	
3.63753751127	2.90434733223	3.92325179698	3.31184410131	3.42325179698	2.70632201408	3.65504554683	3.69594722639	
3.61057724333	2.90434733223	4.0391486719	3.33880436924	3.42325179698	2.57740628285	3.65504554683	3.69594722639	
3.55309008353	2.85481797695	4.13753751127	3.30827747738	3.39272490511	2.55401263885	3.75343438619	3.69594722639	
3.55309008353	2.85481797695	4.1644977792	3.33880436924	3.42325179698	2.54363785116	3.75343438619	3.74041552988	
3.55309008353	2.87821162095	4.1644977792	3.33880436924	3.44075983254	2.54363785116	3.75343438619	3.74041552988	
3.58005035146	2.87821162095	4.09306920777	3.36933126111	3.4582678681	2.51311095929	3.75343438619	3.74041552988	
3.63753751127	2.85481797695	3.99468036841	3.36933126111	3.41379956461	2.54363785116	3.75343438619	3.74041552988	
3.68200581476	2.87232601251	3.96772010047	3.36933126111	3.48522813603	2.54363785116	3.75343438619	3.66898695845	
3.68200581476	2.90434733223	3.94075983254	3.36933126111	3.44075983254	2.54363785116	3.73592635063	3.64202669052	
3.72647411825	2.90434733223	3.89629152905	3.36933126111	3.32486295762	2.54363785116	3.75343438619	3.66898695845	
3.72647411825	2.90434733223	3.82486295762	3.36933126111	3.19594722639	2.54363785116	3.79790268968	3.66898695845	
3.69951385032	2.90434733223	3.82486295762	3.36933126111	3.17843919083	2.54363785116	3.77094242175	3.66898695845	
3.60112501096	2.90434733223	3.89629152905	3.44075983254	3.16542033452	2.54363785116	3.77094242175	3.62451865496	
3.48522813603	2.90434733223	3.82486295762	3.44075983254	3.14202669052	2.54363785116	3.86933126111	3.55665670746	
3.48522813603	3.02024420715	3.82486295762	3.48522813603	3.15240147821	2.55401263885	3.84237099318	3.56703149516	
3.48522813603	3.02024420715	3.92325179698	3.48522813603	3.20988863801	2.57740628285	3.86933126111	3.42774097623	
3.48522813603	3.02024420715	3.99468036841	3.46772010047	3.26737579782	2.55401263885	3.86933126111	3.28845045731	
3.52969643953	3.02024420715	3.89629152905	3.46772010047	3.32486295762	2.54363785116	3.77094242175	3.17255358239	
3.51218840397	2.97071485187	3.89629152905	3.36933126111	3.44075983254	2.54363785116	3.77094242175	3.10112501096	
3.49468036841	2.92118549659	3.94075983254	3.46772010047	3.51218840397	2.56703149516	3.86933126111	3.12808527889	
3.49468036841	2.86427020932	3.94075983254	3.49468036841	3.45470124417	2.57740628285	3.86933126111	3.19594722639	
3.39629152905	3.01957433595	3.82486295762	3.51218840397	3.41023294067	2.57740628285	3.84237099318	3.19594722639	
3.36933126111	3.1674925306	3.79790268968	3.51218840397	3.45470124417	2.57740628285	3.82486295762	3.12451865496	
3.34237099318	3.31541072524	3.75343438619	3.51218840397	3.5836169754	2.57740628285	3.79790268968	3.05665670746	
3.28488383338	3.38327267274	3.75343438619	3.49468036841	3.69951385032	2.57740628285	3.82486295762	3.12451865496	
3.24041552988	3.52256319166	3.73592635063	3.49468036841	3.68200581476	2.57740628285	3.86933126111	3.19238060245	
3.19594722639	3.65147892289	3.67843919083	3.46772010047	3.62451865496	2.70632201408	3.85182322555	3.19238060245	
3.25343438619	3.70896608269	3.62095203103	3.44075983254	3.6070106194	2.822218889	3.78039465412	3.32129633368	
3.36933126111	3.70896608269	3.62095203103	3.39629152905	3.65147892289	2.93811576393	3.75343438619	3.35182322555	
3.48522813603	3.70896608269	3.62095203103	3.33880436924	3.58005035146	2.91472211993	3.75343438619	3.42325179698	
3.60112501096	3.75343438619	3.62095203103	3.32578551294	3.58005035146	3.05401263885	3.77094242175	3.49468036841	
3.60112501096	3.75343438619	3.62095203103	3.28488383338	3.65147892289	3.05401263885	3.77094242175	3.59306920777	
3.62808527889	3.70896608269	3.63846006659	3.28488383338	3.65147892289	3.01311095929	3.75343438619	3.63753751127	
3.64559331445	3.70896608269	3.69594722639	3.29790268968	3.74986776226	2.99560292373	3.65504554683	3.68200581476	
3.62808527889	3.70896608269	3.70896608269	3.43719320861	3.78039465412	2.96358160401	3.62451865496	3.65504554683	
3.61057724333	3.70896608269	3.67843919083	3.53558204797	3.65147892289	3.04007122722	3.58005035146	3.62808527889	
3.59306920777	3.70896608269	3.67843919083	3.58005035146	3.52256319166	3.16898695845	3.4816615121	3.72647411825	
3.46415347654	3.70896608269	3.67843919083	3.70896608269	3.52256319166	3.29790268968	3.43719320861	3.62808527889	
3.40666631674	3.70896608269	3.6070106194	3.70896608269	3.58005035146	3.36576463718	3.41023294067	3.62808527889	
3.40666631674	3.70896608269	3.53558204797	3.61057724333	3.70896608269	3.38327267274	3.41023294067	3.74398215381	
3.40666631674	3.70896608269	3.46415347654	3.68200581476	3.70896608269	3.42774097623	3.41023294067	3.84237099318	
3.40666631674	3.70896608269	3.39272490511	3.68200581476	3.70896608269	3.42774097623	3.29433606575	3.82486295762	
3.40666631674	3.6644977792	3.46415347654	3.61057724333	3.82486295762	3.49916954766	3.22647411825	3.82486295762	
3.40666631674	3.53558204797	3.53558204797	3.59306920777	3.82486295762	3.59755838702	3.09755838702	3.78039465412	
3.40666631674	3.53558204797	3.53558204797	3.61057724333	3.75343438619	3.5261298156	2.9816615121	3.70896608269	
3.40666631674	3.53558204797	3.53558204797	3.62808527889	3.65504554683	3.49916954766	3.09755838702	3.70896608269	
3.52256319166	3.6070106194	3.53558204797	3.62808527889	3.62808527889	3.59755838702	3.14202669052	3.70896608269	
3.59399176309	3.6644977792	3.53558204797	3.57059811909	3.74398215381	3.65504554683	3.20988863801	3.68200581476	
3.59399176309	3.6644977792	3.53558204797	3.45470124417	3.84237099318	3.65504554683	3.26737579782	3.68200581476	
3.5495234596	3.6070106194	3.53558204797	3.5836169754	3.86933126111	3.68200581476	3.28488383338	3.72647411825	
3.5495234596	3.5495234596	3.53558204797	3.5836169754	3.94075983254	3.69951385032	3.25435694151	3.84237099318	
3.67843919083	3.42060772837	3.53558204797	3.60112501096	3.94075983254	3.65504554683	3.23684890595	3.74398215381	
3.66542033452	3.34917915694	3.53558204797	3.57059811909	4.01218840397	3.62808527889	3.26737579782	3.74398215381	
3.67843919083	3.25079031758	3.58005035146	3.59755838702	3.94075983254	3.61057724333	3.24041552988	3.74398215381	
3.80735492206	3.18292837008	3.70896608269	3.62451865496	3.94075983254	3.63753751127	3.31184410131	3.74398215381	
3.80735492206	3.04363785116	3.75343438619	3.75343438619	4.01218840397	3.63753751127	3.41023294067	3.62808527889	
3.73592635063	2.90434733223	3.72647411825	3.70896608269	4.01218840397	3.61057724333	3.27094242175	3.61057724333	
3.63753751127	2.8329187608	3.69951385032	3.70896608269	4.11057724333	3.68200581476	3.14202669052	3.68200581476	
3.56610893984	2.8329187608	3.74398215381	3.59306920777	4.11057724333	3.5836169754	3.14202669052	3.68200581476	
3.49468036841	2.93130760017	3.84237099318	3.52164063634	3.99468036841	3.51218840397	3.28131720944	3.75343438619	
3.52164063634	2.97220927973	3.84237099318	3.56610893984	3.92325179698	3.51218840397	3.37970604881	3.68200581476	
3.5391486719	3.01311095929	3.86933126111	3.61057724333	3.92325179698	3.62808527889	3.41023294067	3.61057724333	
3.55665670746	3.05401263885	3.89629152905	3.5836169754	3.86576463718	3.62808527889	3.50862178004	3.56610893984	
3.57416474302	3.06703149516	3.89629152905	3.5836169754	3.86576463718	3.69951385032	3.55309008353	3.56610893984	
3.55665670746	3.08005035146	3.79790268968	3.61057724333	3.86576463718	3.72647411825	3.55309008353	3.52164063634	
3.5391486719	3.08005035146	3.79790268968	3.56610893984	3.86576463718	3.69594722639	3.55309008353	3.52164063634	
3.56610893984	3.06703149516	3.79790268968	3.52164063634	3.83880436924	3.65147892289	3.55309008353	3.56610893984	
3.61057724333	3.06703149516	3.79790268968	3.63753751127	3.74041552988	3.53558204797	3.5836169754	3.49468036841	
3.65504554683	3.06703149516	3.79790268968	3.70896608269	3.60112501096	3.46772010047	3.62808527889	3.5391486719	
3.65504554683	3.06703149516	3.79790268968	3.70896608269	3.48522813603	3.41023294067	3.62808527889	3.5391486719	
3.65504554683	3.06703149516	3.79790268968	3.70896608269	3.55665670746	3.35274578087	3.62808527889	3.42325179698	
3.72647411825	3.18292837008	3.79790268968	3.70896608269	3.69594722639	3.35274578087	3.62808527889	3.44075983254	
3.68200581476	3.18292837008	3.86933126111	3.75343438619	3.62451865496	3.35274578087	3.62808527889	3.44075983254	
3.63753751127	3.18292837008	3.96772010047	3.77094242175	3.65504554683	3.38327267274	3.51218840397	3.44075983254	
3.61057724333	3.05401263885	4.06610893984	3.77094242175	3.65504554683	3.44075983254	3.46772010047	3.42325179698	
3.61057724333	3.05401263885	4.06610893984	3.75343438619	3.5836169754	3.58005035146	3.33880436924	3.42325179698	
3.61057724333	3.05401263885	4.0391486719	3.75343438619	3.61057724333	3.58005035146	3.20988863801	3.44075983254	
3.63753751127	3.01311095929	4.01218840397	3.75343438619	3.68200581476	3.58005035146	3.08097290678	3.31184410131	
3.63753751127	2.97220927973	3.91379956461	3.75343438619	3.68200581476	3.63753751127	3.01311095929	3.18292837008	
3.56610893984	3.07059811909	3.81541072524	3.70896608269	3.63753751127	3.62451865496	2.97220927973	3.06703149516	
3.5391486719	3.20988863801	3.69951385032	3.68200581476	3.58005035146	3.62451865496	2.93130760017	3.09755838702	
3.50862178004	3.34917915694	3.74398215381	3.55309008353	3.65147892289	3.63753751127	2.85481797695	3.09755838702	
3.5391486719	3.28131720944	3.81541072524	3.4241743523	3.51218840397	3.6070106194	2.85481797695	3.09755838702	
3.5391486719	3.21345526195	3.74398215381	3.40666631674	3.51218840397	3.6070106194	2.85481797695	3.22647411825	
3.63753751127	3.28488383338	3.81541072524	3.40666631674	3.61057724333	3.6070106194	2.7068997823	3.22647411825	
3.63753751127	3.4241743523	3.81541072524	3.26737579782	3.61057724333	3.53558204797	2.6230242271	3.16898695845	
3.63753751127	3.4920362998	3.81541072524	3.27775058551	3.61057724333	3.53558204797	2.6230242271	3.11149979865	
3.63753751127	3.35274578087	3.81541072524	3.25079031758	3.62095203103	3.39629152905	2.55159565567	3.05401263885	
3.63753751127	3.34237099318	3.81541072524	3.17936174615	3.67843919083	3.33880436924	2.7068997823	3.05401263885	
3.63753751127	3.35274578087	3.79790268968	3.17936174615	3.72290749432	3.28131720944	2.84619030123	3.01311095929	
3.63753751127	3.42060772837	3.79790268968	3.06346487123	3.85182322555	3.18292837008	2.92267992444	2.97220927973	
3.68200581476	3.47809488817	3.81541072524	2.96507603186	3.89629152905	3.03501017543	2.99916954766	2.93130760017	
3.68200581476	3.46772010047	3.91379956461	3.03650460329	3.89629152905	3.03501017543	2.99916954766	3.07059811909	
3.69951385032	3.33880436924	3.91379956461	3.06703149516	3.94075983254	3.18292837008	2.92267992444	3.20988863801	
3.77094242175	3.3563124048	3.89629152905	3.06703149516	3.94075983254	3.24041552988	2.84619030123	3.20988863801	
3.77094242175	3.49560292373	3.87878349349	3.08005035146	3.94075983254	3.29790268968	2.84619030123	3.07059811909	
3.77094242175	3.5261298156	3.82129633368	3.09306920777	3.94075983254	3.33880436924	2.99410849587	2.93130760017	
3.84237099318	3.62451865496	3.74986776226	2.96415347654	4.01218840397	3.3563124048	3.14202669052	2.93130760017	
3.77094242175	3.6070106194	3.74986776226	2.83523774531	4.0836169754	3.3563124048	3.27094242175	3.00273617159	
3.67255358239	3.53558204797	3.74986776226	2.70632201408	4.05665670746	3.31541072524	3.27094242175	3.07416474302	
3.65504554683	3.43719320861	3.68200581476	2.70632201408	4.0391486719	3.33880436924	3.27094242175	3.14559331445	
3.65504554683	3.33880436924	3.55309008353	2.70632201408	3.99468036841	3.33880436924	3.31541072524	2.99767511981	
3.67255358239	3.36933126111	3.55309008353	2.70632201408	3.89629152905	3.32578551294	3.38327267274	3.0655370673	
3.65504554683	3.36933126111	3.55309008353	2.70632201408	3.82486295762	3.25792356544	3.45113462023	3.0495234596	
3.65504554683	3.41379956461	3.68200581476	2.70632201408	3.82486295762	3.25792356544	3.45113462023	3.10643874686	
3.67255358239	3.41379956461	3.72290749432	2.70632201408	3.82486295762	3.31541072524	3.4816615121	3.16392590666	
3.67255358239	3.39629152905	3.65504554683	2.70632201408	3.82486295762	3.31541072524	3.51218840397	3.29284163789	
3.65504554683	3.28039465412	3.62451865496	2.70632201408	3.75343438619	3.45470124417	3.48522813603	3.44075983254	
3.67255358239	3.15147892289	3.69238060245	2.822218889	3.85182322555	3.55309008353	3.50273617159	3.44075983254	
3.77094242175	3.09399176309	3.66542033452	2.822218889	3.85182322555	3.57059811909	3.61863304652	3.44075983254	
3.79790268968	3.08097290678	3.5261298156	2.81184410131	3.82486295762	3.5836169754	3.64559331445	3.44075983254	
3.77094242175	3.08097290678	3.42774097623	2.83880436924	3.86933126111	3.5836169754	3.67255358239	3.31184410131	
3.65504554683	2.98258406742	3.31184410131	2.81541072524	3.91379956461	3.45470124417	3.69951385032	3.34237099318	
3.65504554683	2.8666871925	3.3563124048	2.80239186894	3.84237099318	3.33880436924	3.79790268968	3.41023294067	
3.65504554683	2.8666871925	3.49560292373	2.80239186894	3.84237099318	3.22290749432	3.78039465412	3.45470124417	
3.65504554683	2.98258406742	3.59399176309	2.80239186894	3.84237099318	3.25343438619	3.78039465412	3.45470124417	
3.65504554683	3.08097290678	3.69238060245	2.80239186894	3.84237099318	3.22290749432	3.68200581476	3.45470124417	
3.62808527889	3.04007122722	3.74986776226	2.80239186894	3.84237099318	3.20988863801	3.5836169754	3.45470124417	
3.62808527889	3.04007122722	3.74986776226	2.81541072524	3.86933126111	3.16542033452	3.62808527889	3.45470124417	
3.61057724333	3.04007122722	3.65147892289	2.83880436924	3.89629152905	3.14202669052	3.62808527889	3.45470124417	
3.55309008353	2.96358160401	3.65147892289	2.81184410131	3.85182322555	3.14202669052	3.62808527889	3.33880436924	
3.55309008353	2.89571965651	3.72290749432	2.822218889	3.82486295762	3.01311095929	3.62808527889	3.22290749432	
3.4816615121	2.89571965651	3.85182322555	2.8092000327	3.79790268968	3.01311095929	3.61057724333	3.22290749432	
3.34237099318	2.89571965651	3.89629152905	2.8092000327	3.69951385032	3.00273617159	3.62808527889	3.33880436924	
3.34237099318	2.96358160401	3.89629152905	2.8092000327	3.62808527889	3.01311095929	3.5836169754	3.45470124417	
3.41379956461	2.97220927973	3.92325179698	2.8092000327	3.52969643953	3.01311095929	3.5391486719	3.45470124417	
3.52969643953	2.93130760017	3.82486295762	2.8092000327	3.51218840397	2.97220927973	3.41023294067	3.33880436924	
3.59755838702	2.93130760017	3.76737579782	2.8092000327	3.52969643953	2.97220927973	3.41023294067	3.24041552988	
3.59755838702	2.93130760017	3.79790268968	2.8092000327	3.41379956461	3.01311095929	3.4816615121	3.12451865496	
3.59755838702	2.93130760017	3.78039465412	2.822218889	3.29790268968	3.05401263885	3.55309008353	3.13753751127	
3.59755838702	2.93130760017	3.65147892289	2.95113462023	3.18200581476	3.01311095929	3.65147892289	3.15504554683	
3.59755838702	2.97220927973	3.53558204797	3.08005035146	3.18200581476	2.97220927973	3.65147892289	3.15504554683	
3.59755838702	2.82429108508	3.53558204797	3.20896608269	3.18200581476	2.93130760017	3.51218840397	3.15504554683	
3.59755838702	2.82429108508	3.58005035146	3.19594722639	3.06610893984	2.93130760017	3.45470124417	3.15504554683	
3.69594722639	2.8329187608	3.61057724333	3.18292837008	3.13753751127	2.78338940552	3.40517188888	3.15504554683	
3.72647411825	2.78338940552	3.56610893984	3.18292837008	3.20896608269	2.63547121087	3.40517188888	3.14202669052	
3.75343438619	2.78338940552	3.50862178004	3.06703149516	3.20896608269	2.48755301623	3.40517188888	3.10112501096	
3.75343438619	2.93130760017	3.44075983254	3.05665670746	3.20896608269	2.40367746103	3.53408762011	3.05159565567	
3.75343438619	2.93130760017	3.44075983254	3.0261298156	3.08005035146	2.31980190583	3.61057724333	3.05159565567	
3.82486295762	2.93130760017	3.44075983254	2.87821162095	3.08005035146	2.2483733344	3.68200581476	3.06910369123	
3.82486295762	2.93130760017	3.44075983254	2.83730994139	3.1070106194	2.2483733344	3.68200581476	3.06910369123	
3.84237099318	2.93130760017	3.39629152905	2.87821162095	3.22290749432	2.3322488896	3.68200581476	3.06910369123	
3.84237099318	2.93130760017	3.26737579782	2.92774097623	3.33880436924	2.38916417687	3.65504554683	3.02969643953	
3.82486295762	2.93130760017	3.13846006659	2.92774097623	3.33880436924	2.43869353215	3.62808527889	2.96632367128	
3.84237099318	2.93130760017	3.00954433536	2.89721408437	3.33880436924	2.43869353215	3.48016708425	2.92185536779	
3.81541072524	2.99916954766	2.87025381643	2.84768472908	3.33880436924	2.58661172679	3.36427020932	2.92185536779	
3.77094242175	3.06703149516	2.87025381643	2.84768472908	3.3563124048	2.57798405107	3.48016708425	2.94881563573	
3.65504554683	3.13489344265	2.72233562179	2.87821162095	3.41379956461	2.6100053708	3.51218840397	3.02024420715	
3.67255358239	3.16542033452	2.58304510286	3.0261298156	3.4582678681	2.64202669052	3.48016708425	3.09167277858	
3.77094242175	3.29433606575	2.44375458394	3.07059811909	3.4582678681	2.67255358239	3.48016708425	3.09167277858	
3.79790268968	3.42325179698	2.44375458394	3.18649499401	3.4582678681	2.68292837008	3.62808527889	2.9241743523	
3.89629152905	3.49468036841	2.44375458394	3.28488383338	3.55665670746	2.70632201408	3.74398215381	2.79525862107	
3.82486295762	3.56610893984	2.44375458394	3.3563124048	3.65504554683	2.70632201408	3.81184410131	2.75079031758	
3.89629152905	3.55309008353	2.44375458394	3.3563124048	3.65504554683	2.83523774531	3.83880436924	2.80239186894	
3.79790268968	3.61057724333	2.44375458394	3.3563124048	3.72647411825	2.89272490511	3.89629152905	2.80239186894	
3.76737579782	3.65504554683	2.44375458394	3.4241743523	3.72647411825	3.02164063634	3.86933126111	2.76380917388	
3.78039465412	3.65504554683	2.44375458394	3.4241743523	3.82486295762	3.13753751127	3.79790268968	2.63489344265	
3.78039465412	3.65504554683	2.44375458394	3.4241743523	3.84237099318	3.25343438619	3.72647411825	2.50597771142	
3.72290749432	3.67255358239	2.44375458394	3.32578551294	3.84237099318	3.36933126111	3.61057724333	2.50597771142	
3.69594722639	3.65504554683	2.58304510286	3.22739667357	3.74398215381	3.36933126111	3.51218840397	2.46223391208	
3.55665670746	3.65504554683	2.65953472608	3.11149979865	3.67255358239	3.3563124048	3.52969643953	2.41379956461	
3.51218840397	3.65504554683	2.72739667357	3.13846006659	3.67255358239	3.3563124048	3.52969643953	2.34804764213	
3.36427020932	3.67255358239	2.72739667357	3.23684890595	3.77094242175	3.33880436924	3.52969643953	2.34804764213	
3.23535447809	3.67255358239	2.72739667357	3.36576463718	3.67255358239	3.30827747738	3.52969643953	2.4007807083	
3.27982278159	3.67255358239	2.72739667357	3.37878349349	3.55665670746	3.24041552988	3.55665670746	2.44921505577	
3.27982278159	3.67255358239	2.72739667357	3.36576463718	3.51218840397	3.16392590666	3.4582678681	2.55044601492	
3.27982278159	3.67255358239	2.58810615465	3.34237099318	3.62808527889	3.08005035146	3.34237099318	2.67936174615	
3.20839421016	3.67255358239	2.51161653143	3.29284163789	3.72647411825	3.04720447509	3.22647411825	2.80827747738	
3.28488383338	3.62808527889	2.42774097623	3.23592635063	3.66898695845	2.97809488817	3.16898695845	2.90666631674	
3.28488383338	3.60112501096	2.42774097623	3.25343438619	3.65147892289	2.92133223252	3.12451865496	3.07416474302	
3.28488383338	3.62808527889	2.42774097623	3.25343438619	3.65147892289	2.85987902874	3.12451865496	3.1644977792	
3.28488383338	3.65504554683	2.42774097623	3.20896608269	3.65147892289	2.74965880277	3.12451865496	3.1908861746	
3.24398215381	3.65504554683	2.42774097623	3.18200581476	3.65147892289	2.56404263945	3.12451865496	3.2483733344	
3.24398215381	3.65504554683	2.42774097623	3.13753751127	3.65147892289	2.37474299568	3.12451865496	3.29284163789	
3.31184410131	3.72647411825	2.42774097623	3.12451865496	3.65147892289	2.18200581476	3.19594722639	3.36427020932	
3.35274578087	3.79790268968	2.42774097623	3.13753751127	3.65147892289	2.08443507194	3.29433606575	3.31980190583	
3.35274578087	3.86933126111	2.40526988755	3.22141306647	3.65147892289	2.01300650051	3.41023294067	3.29284163789	
3.25435694151	3.75343438619	2.37706198019	3.36933126111	3.70896608269	2.11139533987	3.5391486719	3.23535447809	
3.15596810215	3.63753751127	2.3666871925	3.36933126111	3.72647411825	2.11139533987	3.5261298156	3.31184410131	
3.01667758322	3.50862178004	2.3666871925	3.29790268968	3.68200581476	1.98383170684	3.5391486719	3.36933126111	
3.08810615465	3.37970604881	2.37706198019	3.18200581476	3.63753751127	1.85340410936	3.44075983254	3.36933126111	
3.15953472608	3.37970604881	2.3666871925	3.19951385032	3.63753751127	2.05526027827	3.32486295762	3.33730994139	
3.298825245	3.31184410131	2.50597771142	3.20988863801	3.68200581476	2.1828239113	3.19594722639	3.33730994139	
3.3563124048	3.24398215381	2.63489344265	3.20988863801	3.78039465412	2.25425248273	3.19594722639	3.33730994139	
3.38327267274	3.21345526195	2.75079031758	3.20988863801	3.78039465412	2.15586364336	3.19594722639	3.33730994139	
3.41023294067	3.28131720944	2.75079031758	3.20988863801	3.78039465412	2.08443507194	3.19594722639	3.33730994139	
3.42774097623	3.34917915694	2.76380917388	3.14202669052	3.78039465412	2.01300650051	3.19594722639	3.43569878075	
3.4582678681	3.37970604881	2.76380917388	3.09755838702	3.79790268968	2.01300650051	3.19594722639	3.51218840397	
3.4582678681	3.37970604881	2.76380917388	3.09755838702	3.69951385032	2.01300650051	3.19594722639	3.55309008353	
3.50273617159	3.33880436924	2.76380917388	3.09755838702	3.60112501096	2.09306920777	3.19594722639	3.61057724333	
3.57416474302	3.28131720944	2.93130760017	3.09755838702	3.48522813603	2.2858063887	3.19594722639	3.61057724333	
3.55665670746	3.21345526195	3.09306920777	3.09755838702	3.48522813603	2.47510603246	3.19594722639	3.61057724333	
3.55665670746	3.21345526195	3.2483733344	3.15504554683	3.46772010047	2.66072219578	3.08005035146	3.5836169754	
3.5836169754	3.07416474302	3.39629152905	3.15504554683	3.45470124417	2.74398215381	3.19594722639	3.5391486719	
3.5391486719	3.0655370673	3.53558204797	3.12451865496	3.4816615121	2.79241650129	3.31184410131	3.5836169754	
3.51218840397	3.0655370673	3.6644977792	3.12451865496	3.58005035146	2.84917915694	3.44075983254	3.5836169754	
3.52969643953	2.99767511981	3.70896608269	3.12451865496	3.65147892289	2.8773870643	3.44075983254	3.45470124417	
3.49916954766	2.92624654838	3.75343438619	3.25343438619	3.74986776226	2.96772010047	3.44075983254	3.38327267274	
3.4816615121	2.85481797695	3.75343438619	3.32129633368	3.79433606575	3.02463538774	3.44075983254	3.31184410131	
3.43719320861	2.78338940552	3.77094242175	3.33880436924	3.65504554683	3.02463538774	3.44075983254	3.36933126111	
3.46772010047	2.92267992444	3.79790268968	3.32578551294	3.61057724333	3.0655370673	3.41023294067	3.34237099318	
3.48522813603	3.07059811909	3.81541072524	3.3563124048	3.72647411825	3.0655370673	3.37970604881	3.28488383338	
3.50273617159	3.07059811909	3.91379956461	3.33880436924	3.79433606575	3.07855592361	3.28131720944	3.22739667357	
3.52969643953	2.97220927973	4.01218840397	3.33880436924	3.74986776226	3.0391486719	3.14202669052	3.22739667357	
3.62808527889	2.87382044036	4.0836169754	3.33880436924	3.67843919083	2.92325179698	3.0261298156	3.22739667357	
3.72647411825	2.87382044036	3.98522813603	3.20988863801	3.67843919083	2.79433606575	2.87821162095	3.22739667357	
3.72647411825	2.87382044036	3.98522813603	3.20988863801	3.74986776226	2.63257445814	2.87821162095	3.25435694151	
3.74398215381	2.87382044036	4.01218840397	3.22290749432	3.67843919083	2.60204756628	2.82072446115	3.28131720944	
3.74398215381	2.87382044036	4.0391486719	3.22290749432	3.67843919083	2.67347613771	2.76380917388	3.41023294067	
3.69951385032	2.87382044036	4.0391486719	3.22290749432	3.67843919083	2.80239186894	2.80827747738	3.50862178004	
3.5836169754	2.87382044036	4.0391486719	3.25343438619	3.65147892289	2.96415347654	2.73684890595	3.58005035146	
3.56610893984	2.91472211993	4.0391486719	3.25343438619	3.65147892289	3.09306920777	2.80827747738	3.50862178004	
3.56610893984	2.98258406742	4.11057724333	3.24041552988	3.65147892289	3.2483733344	2.93719320861	3.5391486719	
3.56610893984	3.00954433536	4.11057724333	3.20988863801	3.65147892289	3.2483733344	3.06610893984	3.51218840397	
3.63753751127	3.03650460329	4.11057724333	3.20988863801	3.68200581476	3.2483733344	3.22141306647	3.51218840397	
3.70896608269	2.99560292373	3.99468036841	3.24041552988	3.61057724333	3.2483733344	3.26588136996	3.39629152905	
3.80735492206	3.03650460329	3.89629152905	3.25343438619	3.49468036841	3.23535447809	3.26588136996	3.36933126111	
3.74986776226	3.0261298156	3.78039465412	3.19594722639	3.5391486719	3.25435694151	3.26588136996	3.33880436924	
3.62095203103	3.0261298156	3.65147892289	3.08005035146	3.65504554683	3.10643874686	3.23535447809	3.24041552988	
3.5495234596	3.03650460329	3.55309008353	2.95113462023	3.75343438619	2.96714822794	3.26231474603	3.10112501096	
3.6070106194	3.0261298156	3.45470124417	2.95113462023	3.85182322555	2.96714822794	3.31184410131	3.10112501096	
3.67843919083	3.0391486719	3.49916954766	2.95113462023	3.85182322555	3.0655370673	3.31184410131	3.10112501096	
3.79433606575	3.08005035146	3.51218840397	2.95113462023	3.82486295762	3.21345526195	3.31184410131	3.24041552988	
3.91023294067	3.09755838702	3.49468036841	2.81184410131	3.78039465412	3.21345526195	3.24041552988	3.3563124048	
3.96772010047	3.11506642258	3.49468036841	2.67255358239	3.68200581476	3.28131720944	3.26737579782	3.3563124048	
3.99468036841	3.04720447509	3.51218840397	2.54363785116	3.62451865496	3.42060772837	3.32486295762	3.31541072524	
4.02164063634	3.00273617159	3.5391486719	2.54363785116	3.62451865496	3.5495234596	3.32486295762	3.28488383338	
4.0391486719	3.00273617159	3.63753751127	2.54363785116	3.50862178004	3.6070106194	3.32486295762	3.28488383338	
4.0391486719	2.95320681631	3.63753751127	2.54363785116	3.47809488817	3.73592635063	3.32486295762	3.35274578087	
4.11057724333	2.92267992444	3.63753751127	2.56703149516	3.5495234596	3.6644977792	3.32486295762	3.45113462023	
4.18200581476	2.89215303258	3.63753751127	2.57740628285	3.5495234596	3.68200581476	3.32486295762	3.47809488817	
4.11057724333	2.73684890595	3.63753751127	2.70632201408	3.62095203103	3.68200581476	3.32486295762	3.53558204797	
3.99468036841	2.59755838702	3.63753751127	2.75079031758	3.74986776226	3.68200581476	3.34237099318	3.53558204797	
3.89629152905	2.59755838702	3.63753751127	2.76829835314	3.61057724333	3.65147892289	3.38327267274	3.53558204797	
3.82486295762	2.73684890595	3.63753751127	2.76829835314	3.61057724333	3.6644977792	3.45470124417	3.47809488817	
3.89629152905	2.89215303258	3.65504554683	2.76829835314	3.5391486719	3.78039465412	3.45470124417	3.45113462023	
3.87878349349	2.90517188888	3.67255358239	2.76829835314	3.41023294067	3.75343438619	3.51218840397	3.35274578087	
3.87878349349	2.96265904869	3.69951385032	2.78131720944	3.28131720944	3.62451865496	3.51218840397	3.32578551294	
3.87878349349	3.0391486719	3.79790268968	2.78131720944	3.28131720944	3.50862178004	3.51218840397	3.298825245	
3.87878349349	3.0391486719	3.89629152905	2.78131720944	3.31184410131	3.50862178004	3.48522813603	3.298825245	
3.82129633368	3.01218840397	3.89629152905	2.78131720944	3.36933126111	3.50862178004	3.4582678681	3.18292837008	
3.74986776226	2.98522813603	3.86933126111	2.78131720944	3.50862178004	3.62451865496	3.4582678681	3.06703149516	
3.74986776226	2.92774097623	3.96772010047	2.78131720944	3.50862178004	3.72290749432	3.4582678681	2.92774097623	
3.65147892289	2.95113462023	4.0391486719	2.78131720944	3.5261298156	3.85182322555	3.4582678681	2.92774097623	
3.51218840397	2.96415347654	3.94075983254	2.78131720944	3.5836169754	3.87878349349	3.42774097623	2.92774097623	
3.45470124417	2.96415347654	3.84237099318	2.78131720944	3.65504554683	3.95021206491	3.44075983254	3.05665670746	
3.45470124417	2.96415347654	3.84237099318	2.76829835314	3.55665670746	4.06610893984	3.39629152905	3.19594722639	
3.51218840397	2.96415347654	3.79790268968	2.76829835314	3.48522813603	4.13753751127	3.39629152905	3.31184410131	
3.51218840397	2.96415347654	3.78039465412	2.78131720944	3.3563124048	4.06610893984	3.39629152905	3.41023294067	
3.36427020932	2.96415347654	3.80735492206	2.79433606575	3.24041552988	3.96772010047	3.36576463718	3.39272490511	
3.33730994139	2.83523774531	3.80735492206	2.79433606575	3.24041552988	3.96772010047	3.33523774531	3.41023294067	
3.33730994139	2.70632201408	3.80735492206	2.79433606575	3.26737579782	4.01218840397	3.20632201408	3.42774097623	
3.33730994139	2.57740628285	3.80735492206	2.79433606575	3.29433606575	3.94075983254	3.06703149516	3.44075983254	
3.33730994139	2.69330315778	3.80735492206	2.79433606575	3.31184410131	3.94075983254	2.92774097623	3.44075983254	
3.33730994139	2.822218889	3.80735492206	2.78131720944	3.24398215381	3.94075983254	2.92774097623	3.44075983254	
3.41379956461	2.95113462023	3.87878349349	2.78131720944	3.18649499401	3.82486295762	2.99560292373	3.44075983254	
3.41379956461	3.0495234596	3.87878349349	2.91023294067	3.16898695845	3.75343438619	3.13489344265	3.44075983254	
3.34237099318	3.16542033452	3.87878349349	2.92325179698	3.20988863801	3.65504554683	3.26380917388	3.32486295762	
3.27094242175	3.16542033452	3.78039465412	2.92325179698	3.33880436924	3.62451865496	3.33523774531	3.20896608269	
3.38683929667	3.09755838702	3.78039465412	2.89272490511	3.33880436924	3.65504554683	3.37970604881	3.09306920777	
3.41023294067	3.05665670746	3.78039465412	2.83523774531	3.33880436924	3.61057724333	3.37970604881	3.09306920777	
3.43719320861	3.04363785116	3.89629152905	2.70632201408	3.41023294067	3.61057724333	3.37970604881	3.09306920777	
3.50862178004	3.11149979865	3.96772010047	2.70632201408	3.42325179698	3.63753751127	3.35274578087	3.08005035146	
3.58005035146	3.25079031758	4.0836169754	2.68292837008	3.46772010047	3.56610893984	3.38327267274	3.06703149516	
3.65147892289	3.37970604881	4.11057724333	2.65953472608	3.46772010047	3.5836169754	3.44075983254	3.05401263885	
3.70896608269	3.41023294067	4.06610893984	2.63614108208	3.46772010047	3.5836169754	3.46772010047	3.06703149516	
3.70896608269	3.46772010047	3.96772010047	2.63614108208	3.46772010047	3.5836169754	3.49468036841	3.08005035146	
3.75343438619	3.51218840397	3.89629152905	2.63614108208	3.51218840397	3.55309008353	3.49468036841	3.09306920777	
3.79790268968	3.55665670746	3.82486295762	2.63614108208	3.62808527889	3.45470124417	3.46772010047	3.09306920777	
3.79790268968	3.57416474302	3.82486295762	2.63614108208	3.62808527889	3.41023294067	3.44075983254	3.09306920777	
3.79790268968	3.55665670746	3.75343438619	2.58661172679	3.62808527889	3.34237099318	3.4582678681	3.20896608269	
3.82486295762	3.55665670746	3.82486295762	2.65447367429	3.61057724333	3.32486295762	3.47577590366	3.32486295762	
3.80735492206	3.55665670746	3.92325179698	2.65447367429	3.58005035146	3.39629152905	3.57416474302	3.42325179698	
3.70896608269	3.55665670746	4.0391486719	2.68649499401	3.55309008353	3.33880436924	3.60112501096	3.42325179698	
3.78039465412	3.57416474302	4.01218840397	2.68649499401	3.59755838702	3.26231474603	3.5836169754	3.42325179698	
3.75343438619	3.57416474302	4.01218840397	2.65447367429	3.62808527889	3.26231474603	3.5836169754	3.29433606575	
3.77094242175	3.55665670746	4.01218840397	2.57798405107	3.62808527889	3.33374331746	3.5836169754	3.16542033452	
3.67255358239	3.55665670746	4.0391486719	2.57798405107	3.62808527889	3.26231474603	3.5836169754	3.13489344265	
3.55665670746	3.55665670746	4.0391486719	2.57798405107	3.62808527889	3.1908861746	3.56610893984	3.13489344265	
3.5391486719	3.55665670746	4.0391486719	2.57798405107	3.62808527889	3.11945760317	3.5836169754	3.16542033452	
3.52164063634	3.55665670746	4.0391486719	2.59100290738	3.69951385032	3.11945760317	3.5836169754	3.19594722639	
3.5391486719	3.55665670746	3.99468036841	2.47510603246	3.79790268968	3.02106876381	3.56610893984	3.19594722639	
3.65504554683	3.4582678681	3.95021206491	2.59100290738	3.82486295762	2.99468036841	3.5836169754	3.16542033452	
3.67255358239	3.34237099318	3.85182322555	2.6230242271	3.92325179698	3.02106876381	3.60112501096	3.16542033452	
3.69951385032	3.22647411825	3.78039465412	2.6230242271	3.96772010047	3.14998449504	3.60112501096	3.28131720944	
3.69951385032	3.11057724333	3.68200581476	2.64202669052	4.0391486719	3.26588136996	3.57416474302	3.29433606575	
3.77094242175	3.09755838702	3.68200581476	2.65953472608	3.96772010047	3.41379956461	3.52969643953	3.32486295762	
3.77094242175	3.09755838702	3.79790268968	2.63614108208	3.92325179698	3.41379956461	3.48522813603	3.32486295762	
3.84237099318	3.22647411825	3.84237099318	2.65953472608	3.82486295762	3.41379956461	3.36933126111	3.32486295762	
3.86933126111	3.34237099318	3.82486295762	2.68292837008	3.72647411825	3.41379956461	3.29790268968	3.32486295762	
3.94075983254	3.41379956461	3.70896608269	2.70632201408	3.75343438619	3.31541072524	3.32486295762	3.31184410131	
3.94075983254	3.41379956461	3.6644977792	2.70632201408	3.85182322555	3.31541072524	3.32486295762	3.31184410131	
3.84237099318	3.41379956461	3.6644977792	2.70632201408	3.85182322555	3.41379956461	3.26737579782	3.32486295762	
3.84237099318	3.29790268968	3.6644977792	2.70632201408	3.85182322555	3.4241743523	3.20988863801	3.32486295762	
3.84237099318	3.25343438619	3.59306920777	2.68292837008	3.82486295762	3.40666631674	3.17936174615	3.32486295762	
3.94075983254	3.19594722639	3.59306920777	2.65953472608	3.82486295762	3.43719320861	3.13846006659	3.32486295762	
3.91379956461	3.18292837008	3.63753751127	2.798825245	3.82486295762	3.46772010047	3.20988863801	3.31184410131	
4.01218840397	3.18292837008	3.65504554683	2.8563124048	3.94075983254	3.48522813603	3.20988863801	3.31184410131	
3.94075983254	3.18292837008	3.75343438619	2.82578551294	3.96772010047	3.52969643953	3.18292837008	3.19594722639	
3.84237099318	3.19594722639	3.75343438619	2.82578551294	3.94075983254	3.57416474302	3.11149979865	3.05665670746	
3.84237099318	3.25343438619	3.75343438619	2.9241743523	3.96772010047	3.47577590366	3.11149979865	2.92774097623	
3.84237099318	3.29790268968	3.75343438619	3.05309008353	3.99468036841	3.4582678681	3.20988863801	2.77982278159	
3.77094242175	3.41379956461	3.68200581476	3.18200581476	3.99468036841	3.4582678681	3.28131720944	2.65090705036	
3.79790268968	3.41379956461	3.68200581476	3.18200581476	3.99468036841	3.4582678681	3.33880436924	2.62038015849	
3.82486295762	3.41379956461	3.65147892289	3.18200581476	3.99468036841	3.44075983254	3.37970604881	2.56346487123	
3.82486295762	3.41379956461	3.68200581476	3.18200581476	3.99468036841	3.5391486719	3.50862178004	2.55309008353	
3.79790268968	3.41379956461	3.68200581476	3.10551619154	3.99468036841	3.63753751127	3.55309008353	2.5836169754	
3.77094242175	3.41379956461	3.75343438619	3.04802903174	3.99468036841	3.61057724333	3.61057724333	2.64053226266	
3.77094242175	3.41379956461	3.72647411825	3.07855592361	3.96772010047	3.55309008353	3.65504554683	2.64053226266	
3.79790268968	3.41379956461	3.72647411825	3.07855592361	3.86933126111	3.55309008353	3.65504554683	2.64053226266	
